0 0.6659024593580659 0.5508120649651972 0.006530498818952342 0.007424593967517401
0 0.6638182576073365 0.5347254447022428 0.0073641795192441305 0.008352668213457076
1 0.6693066555509241 0.4276875483372003 0.0405724607475337 0.044547563805104405
1 0.6631235236904266 0.3927300850734725 0.020147283590384885 0.024439288476411445
0 0.6866055300819787 0.3593967517401392 0.013755731554814507 0.015622583139984532
0 0.6923718215923302 0.319953596287703 0.01028206197026539 0.013766434648105182
0 0.7018202028623038 0.34230471771075016 0.010559955537029318 0.014230471771075018
0 0.7055717660136168 0.3325599381283836 0.011671529804085036 0.012374323279195668
0 0.7098791162984578 0.3226604795050271 0.009448381269973601 0.010518174787316318
0 0.7254411560372378 0.3150038669760247 0.008058913436153954 0.008816705336426913
0 0.7401000416840351 0.30959010054137664 0.0059747116854244825 0.006651198762567672
0 0.7271085174378213 0.30502706883217323 0.01917465610671113 0.017942768754833718
1 0.5995553702931777 0.38375870069605567 0.01583993330554398 0.02320185614849188
1 0.6042100875364735 0.4045630317092034 0.02320411282478811 0.031399845320959005
0 0.5886480477976935 0.26496519721577727 0.012088370154230931 0.013921113689095127
1 0.37286369320550233 0.4048723897911833 0.012644157287758789 0.015622583139984532
1 0.25385577323884956 0.26187161639597833 0.02028623037376685 0.022273781902552203
0 0.14832569126024733 0.26844547563805105 0.010976795887175213 0.013766434648105182
