0 0.6997167138810199 0.42176955761059737 0.0056657223796034 0.009247688077980506
0 0.6888018663556075 0.40114971257185705 0.006165639060156641 0.010497375656085979
1 0.6368938510248292 0.24643839040239943 0.03666055657390435 0.051487128217945516
1 0.6117313781036494 0.20307423144213949 0.015330778203632729 0.03224193951512122
0 0.6181469755040827 0.1353411647088228 0.011831361439760041 0.018745313671582105
0 0.60281619730045 0.07498125468632842 0.006832194634227629 0.01999500124968758
0 0.6246458923512749 0.09772556860784805 0.006832194634227629 0.020494876280929768
0 0.6233961006498917 0.0807298175456136 0.010998166972171305 0.013996500874781305
0 0.6224795867355442 0.06298425393651588 0.0084985835694051 0.012496875781054738
0 0.634477587068822 0.0382404398900275 0.007165472421263123 0.010497375656085979
0 0.6468088651891352 0.01762059485128718 0.005165805699050159 0.008247938015496127
0 0.6308948508581903 0.022744313921519623 0.020663222796200635 0.015496125968507874
1 0.5407432094650892 0.2476880779805049 0.007998666888851858 0.03649087728067983
1 0.5568238626895518 0.2726818295426144 0.014497583736043995 0.04598850287428143
0 0.4655057490418264 0.09135216195951013 0.01016497250458257 0.017745563609097726
1 0.31669721713047827 0.4811297175706074 0.009498416930511582 0.020994751312171957
1 0.11606398933511082 0.38815296175956016 0.01816363939343443 0.025993501624593855
0 0.010081653057823697 0.49212696825793556 0.007832027995334112 0.018995251187203202
