0 0.6224815895512019 0.3654292343387471 0.006669445602334307 0.007579273008507347
0 0.6089342781714604 0.3593194122196442 0.0073641795192441305 0.008352668213457076
1 0.5284146172016119 0.3005413766434648 0.0405724607475337 0.044547563805104405
1 0.4981242184243435 0.28894044856921886 0.02000833680700292 0.024439288476411445
0 0.4840211199110741 0.2496519721577726 0.013755731554814507 0.015467904098994586
0 0.4561622898429902 0.22443928847641142 0.01028206197026539 0.013611755607115235
0 0.4782548284007226 0.2265274555297757 0.010559955537029318 0.014075792730085072
0 0.472558010282062 0.2179427687548337 0.011671529804085036 0.012374323279195668
0 0.4670696123384744 0.20889404485692187 0.009587328053355566 0.010672853828306263
0 0.468806447130749 0.19010054137664345 0.008058913436153954 0.008971384377416859
0 0.4719327497568432 0.17324052590873937 0.0059747116854244825 0.006805877803557617
0 0.46185910796165075 0.18344934261407578 0.01917465610671113 0.017942768754833718
1 0.4593580658607754 0.34578499613302394 0.01583993330554398 0.023047177107501933
1 0.47783798805057665 0.3516627996906419 0.023343059608170073 0.031399845320959005
0 0.36147005696818124 0.29690641918020105 0.012088370154230931 0.014075792730085072
1 0.36244268445185496 0.5749419953596288 0.012644157287758789 0.01577726218097448
1 0.19174656106711133 0.6181747873163186 0.02028623037376685 0.022119102861562257
0 0.14401834097540644 0.7232018561484919 0.010976795887175213 0.013766434648105182
