0 0.42176955761059737 0.30011664722546244 0.009247688077980506 0.0056657223796034
0 0.40114971257185705 0.3110314947508749 0.010497375656085979 0.006165639060156641
1 0.24643839040239943 0.3629395100816531 0.051487128217945516 0.03666055657390435
1 0.20307423144213949 0.38818530244959176 0.03224193951512122 0.015497417097150476
0 0.1353411647088228 0.38168638560239965 0.018745313671582105 0.011831361439760041
0 0.07498125468632842 0.39701716380603236 0.01999500124968758 0.006832194634227629
0 0.09772556860784805 0.3751874687552075 0.020494876280929768 0.006832194634227629
0 0.0807298175456136 0.3764372604565906 0.013996500874781305 0.010998166972171305
0 0.06298425393651588 0.3773537743709382 0.012496875781054738 0.0084985835694051
0 0.0382404398900275 0.3653557740376604 0.010497375656085979 0.007165472421263123
0 0.01762059485128718 0.35302449591734714 0.008247938015496127 0.005165805699050159
0 0.022744313921519623 0.368938510248292 0.015496125968507874 0.020663222796200635
1 0.2476880779805049 0.45909015164139316 0.03649087728067983 0.007998666888851858
1 0.2726818295426144 0.44300949841693055 0.04598850287428143 0.014497583736043995
0 0.09135216195951013 0.534327612064656 0.017745563609097726 0.01016497250458257
1 0.4811297175706074 0.6831361439760041 0.020994751312171957 0.009498416930511582
1 0.38815296175956016 0.8837693717713715 0.025993501624593855 0.01816363939343443
0 0.49212696825793556 0.9897517080486586 0.018995251187203202 0.007832027995334112
