0 0.3773794636654162 0.6344934261407579 0.006669445602334307 0.007424593967517401
0 0.3909267750451577 0.6405259087393658 0.0073641795192441305 0.008352668213457076
1 0.4714464360150063 0.6993039443155452 0.0405724607475337 0.044547563805104405
1 0.5017368347922746 0.7109048723897912 0.02000833680700292 0.024439288476411445
0 0.515839933305544 0.7501933488012374 0.013755731554814507 0.015467904098994586
0 0.543698763373628 0.7754060324825985 0.01028206197026539 0.013611755607115235
0 0.5216062248158956 0.7733952049497292 0.010559955537029318 0.014230471771075018
0 0.5273030429345561 0.7819025522041763 0.011671529804085036 0.012374323279195668
0 0.5328609142698347 0.7909512761020882 0.009448381269973601 0.010672853828306263
0 0.5310546060858692 0.8098221191028615 0.008058913436153954 0.008816705336426913
0 0.527997776851466 0.8266047950502706 0.005835764902042518 0.006805877803557617
0 0.5380019452549674 0.8163959783449343 0.01917465610671113 0.017942768754833718
1 0.5405029873558428 0.6540603248259861 0.01583993330554398 0.023047177107501933
1 0.5220230651660415 0.6481825212683681 0.023343059608170073 0.031399845320959005
0 0.6383909962484369 0.7029389017788089 0.012088370154230931 0.014075792730085072
1 0.6374183687647631 0.42490332559938127 0.012644157287758789 0.01577726218097448
1 0.8081144921495068 0.38174787316318637 0.02028623037376685 0.022273781902552203
0 0.8558427122412117 0.27672080433101315 0.010976795887175213 0.013611755607115235
