0 0.3340280672502432 0.44903325599381283 0.006669445602334307 0.007424593967517401
0 0.3360427956092817 0.4651198762567672 0.0073641795192441305 0.008352668213457076
1 0.33062387105738505 0.5721577726218097 0.040711407530915664 0.044547563805104405
1 0.3367375295261915 0.6071152358855375 0.020147283590384885 0.024439288476411445
0 0.31325552313463945 0.6404485692188708 0.013755731554814507 0.015622583139984532
0 0.30748923162428793 0.679891724671307 0.01028206197026539 0.013766434648105182
0 0.2980408503543143 0.6576179427687548 0.010559955537029318 0.014075792730085072
0 0.2942892872030013 0.6672853828306264 0.011671529804085036 0.012374323279195668
0 0.2899819369181604 0.6771848414539829 0.009448381269973601 0.010518174787316318
0 0.2744198971793803 0.6848414539829852 0.008058913436153954 0.008816705336426913
0 0.259830484924274 0.6902552204176333 0.005835764902042518 0.006651198762567672
0 0.27275253577879677 0.6948182521268368 0.01917465610671113 0.017942768754833718
1 0.4003056829234404 0.6160866202629544 0.01583993330554398 0.02320185614849188
1 0.3956509656801445 0.5952822892498066 0.02320411282478811 0.031399845320959005
0 0.4112130054189246 0.7349574632637277 0.012088370154230931 0.014075792730085072
1 0.6269973600111158 0.5950502706883217 0.012644157287758789 0.01577726218097448
1 0.7460052799777686 0.7379737045630317 0.02028623037376685 0.022273781902552203
0 0.8515353619563708 0.7313998453209589 0.010976795887175213 0.013766434648105182
