0 0.5779805048737816 0.6998333333333333 0.009247688077980506 0.005666666666666666
0 0.5986003499125219 0.6889166666666666 0.010497375656085979 0.006166666666666667
1 0.7533116720819796 0.637 0.051487128217945516 0.03666666666666667
1 0.7966758310422395 0.6118333333333333 0.03224193951512122 0.015333333333333332
0 0.8644088977755562 0.61825 0.018745313671582105 0.011833333333333333
0 0.9247688077980506 0.6029166666666667 0.01999500124968758 0.006833333333333333
0 0.9021494626343415 0.62475 0.020744813796550864 0.006833333333333333
0 0.919145213696576 0.6234999999999999 0.013746563359160212 0.011
0 0.9367658085478631 0.6225833333333333 0.012496875781054738 0.008499999999999999
0 0.9615096225943515 0.6345833333333333 0.010497375656085979 0.007166666666666667
0 0.9821294676330918 0.6469166666666667 0.008247938015496127 0.005166666666666667
0 0.9770057485628594 0.631 0.015496125968507874 0.020666666666666667
1 0.7520619845038741 0.5408333333333333 0.03649087728067983 0.008
1 0.7270682329417646 0.5569166666666666 0.04598850287428143 0.014499999999999999
0 0.9085228692826794 0.4655833333333333 0.017495626093476633 0.010166666666666666
1 0.5186203449137716 0.31675 0.020994751312171957 0.0095
1 0.6115971007248189 0.11608333333333333 0.025993501624593855 0.018166666666666668
0 0.5076230942264435 0.010083333333333333 0.018995251187203202 0.007833333333333333
