0 0.3000833333333333 0.578 0.0055 0.009000000000000001
0 0.311 0.598625 0.006 0.01025
1 0.36291666666666667 0.753375 0.0365 0.051250000000000004
1 0.38816666666666666 0.7967500000000001 0.015333333333333332 0.032
0 0.38166666666666665 0.8645 0.011666666666666665 0.0185
0 0.39699999999999996 0.924875 0.006666666666666666 0.01975
0 0.37516666666666665 0.90225 0.006666666666666666 0.0205
0 0.3764166666666667 0.91925 0.010833333333333334 0.0135
0 0.3773333333333333 0.936875 0.008333333333333333 0.01225
0 0.36533333333333334 0.9616250000000001 0.007 0.01025
0 0.353 0.9822500000000001 0.005 0.008
0 0.36891666666666667 0.977125 0.0205 0.01525
1 0.45908333333333334 0.752125 0.007833333333333333 0.03625
1 0.443 0.727125 0.014333333333333333 0.04575
0 0.5343333333333333 0.908625 0.01 0.01725
1 0.6831666666666666 0.518625 0.009333333333333332 0.02075
1 0.8838333333333332 0.611625 0.018 0.025750000000000002
0 0.9898333333333333 0.507625 0.007666666666666666 0.01875
