2 0.033416666666666664 0.021125 0.028833333333333332 0.03425
2 0.07975 0.045 0.05483333333333333 0.047
2 0.14775 0.0785 0.08016666666666666 0.059500000000000004
2 0.16366666666666665 0.13225 0.050333333333333334 0.0445
2 0.2365833333333333 0.14325000000000002 0.0925 0.095
2 0.3780833333333333 0.19 0.0865 0.051500000000000004
2 0.35691666666666666 0.2235 0.034833333333333334 0.0305
2 0.5145 0.243625 0.07333333333333333 0.051250000000000004
2 0.46058333333333334 0.287375 0.050166666666666665 0.03175
2 0.577 0.28450000000000003 0.050666666666666665 0.0505
2 0.659 0.36425 0.041 0.038
2 0.724 0.463 0.017333333333333333 0.039
2 0.7465833333333333 0.35625 0.041166666666666664 0.0325
2 0.8366666666666667 0.39775 0.13899999999999998 0.0885
2 0.9786666666666667 0.5211250000000001 0.04033333333333333 0.09325
