2 0.8553574404265957 0.6469632591852037 0.01933011164805866 0.04573856535866034
2 0.8712714547575405 0.6205948512871783 0.016163972671221466 0.026493376655836044
2 0.8840193301116481 0.5999750062484379 0.011998000333277787 0.028242939265183706
2 0.8514414264289286 0.5514871282179455 0.014164305949008499 0.025243689077730568
2 0.7773704382602901 0.6313421644588854 0.012331278120313281 0.026993251687078234
2 0.7862022996167306 0.6042239440139966 0.012664555907348777 0.03424143964008998
2 0.8376937177137145 0.6625843539115222 0.012997833694384271 0.015996000999750064
2 0.9088485252457924 0.701574606348413 0.017663722712881188 0.03049237690577356
2 0.9530078320279954 0.7219445138715321 0.013997667055490753 0.031742064483879034
2 0.9698383602732878 0.7416895776055986 0.011664722546242293 0.016745813546613347
0 0.7042159640059991 0.5868532866783305 0.052324612564572576 0.05198700324918771
0 0.6685552407932012 0.5721069732566859 0.02199633394434261 0.03299175206198451
0 0.6513081153141144 0.57535616095976 0.024829195134144312 0.01999500124968758
0 0.6260623229461757 0.5448637840539865 0.035327445425762376 0.05648587853036741
0 0.6483919346775537 0.5421144713821545 0.023996000666555575 0.024493876530867285
0 0.6827195467422097 0.5478630342414397 0.04899183469421763 0.027493126718320424
0 0.7327112147975338 0.5533616595851037 0.015997333777703716 0.023994001499625096
0 0.6579736710548243 0.49575106223444143 0.1274787535410765 0.1092226943264184
0 0.5705715714047659 0.4716320919770058 0.06532244625895685 0.15296175956011
0 0.5111648058656891 0.44788802799300176 0.054490918180303285 0.16795801049737566
0 0.44959173471088154 0.42401899525118725 0.0676553907682053 0.15321169707573107
0 0.3781869688385269 0.4002749312671832 0.071154807532078 0.12121969507623095
0 0.30386602232961174 0.35178705323669085 0.07882019663389436 0.1562109472631842
0 0.23221129811698052 0.30992251937015747 0.06448925179136811 0.15346163459135218
0 0.15072487918680222 0.26343414146463384 0.09481753041159807 0.1234691327168208
2 0.0934844192634561 0.1669582604348913 0.019996667222129647 0.019495126218445392
2 0.06698883519413432 0.14358910272431893 0.03132811198133645 0.022244438890277433
2 0.02316280619896684 0.12484378905273683 0.035327445425762376 0.03624093976505874
0 0.07940343276120647 0.20844788802799302 0.03349441759706716 0.03949012746813297
0 0.04849191801366439 0.21544613846538369 0.027995334110981505 0.02949262684328918
0 0.018580236627228797 0.1954511372156961 0.032494584235960675 0.017995501124718823
3 0.9557573737710382 0.11959510122469384 0.017830361606398934 0.028242939265183706
