2 0.6469632591852037 0.1444759206798867 0.04573856535866034 0.01933011164805866
2 0.6205948512871783 0.12856190634894185 0.026493376655836044 0.016163972671221466
2 0.5999750062484379 0.1158140309948342 0.028242939265183706 0.011998000333277787
2 0.5514871282179455 0.14839193467755374 0.025243689077730568 0.014164305949008499
2 0.6313421644588854 0.22246292284619232 0.026993251687078234 0.012331278120313281
2 0.6042239440139966 0.21363106148975172 0.03424143964008998 0.012664555907348777
2 0.6625843539115222 0.16213964339276787 0.015996000999750064 0.012997833694384271
2 0.701574606348413 0.0909848358606899 0.03049237690577356 0.017663722712881188
2 0.7219445138715321 0.04682552907848692 0.031742064483879034 0.013997667055490753
2 0.7416895776055986 0.02999500083319447 0.016745813546613347 0.011664722546242293
0 0.5868532866783305 0.2956173971004833 0.05198700324918771 0.052324612564572576
0 0.5721069732566859 0.33127812031328113 0.03299175206198451 0.02199633394434261
0 0.57535616095976 0.348525245792368 0.01999500124968758 0.024829195134144312
0 0.5448637840539865 0.37377103816030666 0.05648587853036741 0.035327445425762376
0 0.5421144713821545 0.35144142642892856 0.024493876530867285 0.023996000666555575
0 0.5478630342414397 0.31711381436427266 0.027493126718320424 0.04899183469421763
0 0.5533616595851037 0.26712214630894854 0.023994001499625096 0.015997333777703716
0 0.49575106223444143 0.34185969005165806 0.1092226943264184 0.1274787535410765
0 0.4716320919770058 0.4292617897017164 0.15296175956011 0.06532244625895685
0 0.44788802799300176 0.4886685552407932 0.16795801049737566 0.054490918180303285
0 0.42401899525118725 0.5503249458423597 0.15321169707573107 0.06748875187468756
0 0.4002749312671832 0.6216463922679554 0.12121969507623095 0.071154807532078
0 0.35178705323669085 0.6959673387768706 0.1562109472631842 0.07882019663389436
0 0.30992251937015747 0.7677053824362606 0.15346163459135218 0.06465589068488586
0 0.26343414146463384 0.8491084819196801 0.1234691327168208 0.09481753041159807
2 0.1669582604348913 0.9063489418430263 0.019495126218445392 0.019996667222129647
2 0.14358910272431893 0.932844525912348 0.022244438890277433 0.03132811198133645
2 0.12484378905273683 0.9766705549075155 0.03624093976505874 0.035327445425762376
0 0.20844788802799302 0.9204299283452758 0.03949012746813297 0.03349441759706716
0 0.21544613846538369 0.951341443092818 0.02949262684328918 0.027995334110981505
0 0.1954511372156961 0.9812531244792535 0.017995501124718823 0.032494584235960675
3 0.11959510122469384 0.04407598733544409 0.028242939265183706 0.017830361606398934
