2 0.2024454633875226 0.5860788863109049 0.026677782409337228 0.0334106728538283
2 0.19820758649437267 0.6075792730085073 0.019035709323329167 0.02165506573859242
2 0.19473391690982356 0.6245939675174014 0.0165346672224538 0.020726991492652745
2 0.23169376128942618 0.6354215003866975 0.01709045435598166 0.02010827532869296
2 0.2630957343337502 0.5582366589327146 0.016256773655689873 0.02010827532869296
2 0.2642767819924969 0.5768754833720031 0.018618868973183274 0.0242846094354215
2 0.21078227039044048 0.5695282289249807 0.013616784771432543 0.01453982985305491
2 0.14860358482701128 0.5815931941221965 0.021258857857440604 0.024439288476411445
2 0.11101847992218981 0.591183294663573 0.018896762539947203 0.02351121423047177
2 0.09344171182437128 0.588399071925754 0.012922050854522719 0.014230471771075018
0 0.3281923023482007 0.5481051817478731 0.052243990551618734 0.05212683681361175
0 0.3580658607753231 0.5395204949729311 0.02501042100875365 0.027842227378190254
0 0.36959844379602613 0.5296983758700696 0.023343059608170073 0.022119102861562257
0 0.3962762262053634 0.5343387470997679 0.04112824788106156 0.0465583913379737
0 0.3809226066416563 0.5461716937354988 0.024037793525079898 0.024129930394431554
0 0.35459219119077395 0.5590100541376644 0.043073502848409065 0.037432327919566896
0 0.31700708628595253 0.5792730085073472 0.018202028623037377 0.02010827532869296
0 0.38689731832708074 0.5755607115235886 0.12241211615951092 0.11755607115235885
0 0.456787550368209 0.5478731631863882 0.08962067528136725 0.11229698375870069
0 0.5062526052521884 0.5330239752513534 0.08600805891343616 0.11508120649651972
0 0.5574544949284425 0.517246713070379 0.09142698346533279 0.11353441608662025
0 0.6155342503821037 0.49690641918020106 0.08503543142976241 0.09791183294663573
0 0.6826455467555926 0.48832173240525906 0.10031957760177852 0.12034029389017788
0 0.7460747533694596 0.47749419953596284 0.08934278171460332 0.11229698375870069
0 0.8177712935945534 0.4646558391337973 0.10268167291927192 0.11013147718484145
2 0.885994164235098 0.48979118329466353 0.019869390023620957 0.019644238205723124
2 0.9116298457690706 0.4898685228151585 0.028623037376684732 0.026295436968290797
2 0.9484507433652912 0.4796597061098221 0.03557037654578297 0.035885537509667435
0 0.8846046964012784 0.4610208816705336 0.035153536195637075 0.03665893271461717
0 0.9049604001667362 0.44284609435421496 0.028345143809920804 0.02877030162412993
0 0.9320550229262193 0.4396751740139211 0.028345143809920804 0.02459396751740139
3 0.2764346255384188 0.9153132250580046 0.020703070723912743 0.023356535189481824
