2 0.3527868032991752 0.8554999999999999 0.04573856535866034 0.019333333333333334
2 0.37915521119720075 0.8714166666666666 0.026493376655836044 0.016166666666666666
2 0.39977505623594106 0.8841666666666667 0.028242939265183706 0.012
2 0.44826293426643343 0.8515833333333334 0.025243689077730568 0.014166666666666666
2 0.3684078980254937 0.7775 0.026993251687078234 0.012333333333333333
2 0.39552611847038244 0.7863333333333333 0.03424143964008998 0.012666666666666666
2 0.3371657085728568 0.8378333333333333 0.015996000999750064 0.013
2 0.298175456135966 0.9089999999999999 0.03049237690577356 0.017666666666666667
2 0.2778055486128468 0.9531666666666666 0.031742064483879034 0.014
2 0.2581854536365909 0.97 0.016495876030992253 0.011666666666666665
0 0.4128967758060485 0.7043333333333333 0.05198700324918771 0.05233333333333333
0 0.4276430892276931 0.6686666666666666 0.03299175206198451 0.022
0 0.42439390152461887 0.6514166666666666 0.01999500124968758 0.024833333333333332
0 0.4548862784303924 0.6261666666666666 0.05648587853036741 0.035333333333333335
0 0.45763559110222446 0.6485 0.024493876530867285 0.024
0 0.4518870282429393 0.6828333333333333 0.027493126718320424 0.048999999999999995
0 0.4463884028992752 0.7328333333333333 0.023994001499625096 0.016
0 0.5039990002499376 0.6580833333333334 0.1092226943264184 0.1275
0 0.5281179705073732 0.5706666666666667 0.15296175956011 0.06533333333333333
0 0.5518620344913772 0.51125 0.16795801049737566 0.0545
0 0.5757310672331918 0.44966666666666666 0.15321169707573107 0.06766666666666667
0 0.5994751312171958 0.37825 0.12121969507623095 0.07116666666666667
0 0.6479630092476881 0.30391666666666667 0.1562109472631842 0.07883333333333332
0 0.6898275431142215 0.23224999999999998 0.15346163459135218 0.0645
0 0.7364408897775556 0.15075 0.12321919520119971 0.09483333333333333
2 0.8327918020494877 0.0935 0.019495126218445392 0.02
2 0.85616095976006 0.067 0.022244438890277433 0.03133333333333333
2 0.8749062734316422 0.023166666666666665 0.03624093976505874 0.035333333333333335
0 0.791302174456386 0.07941666666666666 0.03949012746813297 0.0335
0 0.7843039240189953 0.0485 0.02949262684328918 0.028
0 0.8042989252686829 0.018583333333333334 0.017995501124718823 0.0325
3 0.8801549612596852 0.9559166666666666 0.028242939265183706 0.017833333333333333
