2 0.28421564540780886 0.25614849187935035 0.02653883562595526 0.0334106728538283
2 0.26531888286786165 0.262799690641918 0.019035709323329167 0.02165506573859242
2 0.2504515770459914 0.26805877803557615 0.0165346672224538 0.020726991492652745
2 0.2603862720578019 0.3090487238979118 0.017229401139363627 0.02010827532869296
2 0.33618174239266363 0.30069605568445473 0.016256773655689873 0.02010827532869296
2 0.32221759066277617 0.31121423047177105 0.018618868973183274 0.024129930394431554
2 0.30130609976379047 0.25591647331786543 0.013755731554814507 0.014385150812064965
2 0.2608031124079478 0.20201082753286928 0.021119911074058636 0.024439288476411445
2 0.23447269695706546 0.1705336426914153 0.018757815756565238 0.023356535189481824
2 0.22787272474642215 0.1522815158546017 0.013060997637904683 0.014385150812064965
0 0.37661525635681536 0.35846867749419953 0.0523829373350007 0.05212683681361175
0 0.3982214811727109 0.38298530549110593 0.02501042100875365 0.027842227378190254
0 0.41162984576907047 0.38917246713070375 0.023482006391552037 0.022273781902552203
0 0.421286647214117 0.4172467130703789 0.04112824788106156 0.0465583913379737
0 0.4044046130332083 0.40835266821345706 0.024037793525079898 0.024129930394431554
0 0.38126997360011117 0.38940448569218866 0.043073502848409065 0.03758700696055684
0 0.34674169792969295 0.36326372776488786 0.018202028623037377 0.020262954369682906
0 0.38460469640127837 0.42877030162412993 0.12227316937612895 0.11755607115235885
0 0.441086563846047 0.48228924980665117 0.08962067528136725 0.11229698375870069
0 0.4772822009170488 0.5225831399845321 0.0858691121300542 0.11523588553750966
0 0.5152146727803252 0.5639597834493426 0.09142698346533279 0.11353441608662025
0 0.5600944838126998 0.6098221191028615 0.08503543142976241 0.09791183294663573
0 0.6003890509934695 0.6703016241299303 0.10031957760177852 0.12018561484918792
0 0.6404751979991664 0.7259860788863108 0.08934278171460332 0.11214230471771075
0 0.6863276365152148 0.7887084300077339 0.10268167291927192 0.11013147718484145
2 0.700917048770321 0.8670533642691415 0.019869390023620957 0.019644238205723124
2 0.7135612060580798 0.8918020108275329 0.028761984160066697 0.026450116009280742
2 0.7400305682923441 0.9221964423820572 0.03557037654578297 0.035885537509667435
0 0.7225927469779075 0.851276102088167 0.035153536195637075 0.03665893271461717
0 0.7469779074614423 0.8618716163959783 0.028345143809920804 0.02877030162412993
0 0.7628178407669863 0.8863882443928848 0.028345143809920804 0.02459396751740139
3 0.06502709462275949 0.4921887084300077 0.020842017507294707 0.02351121423047177
