2 0.7974850632207865 0.41376643464810514 0.02653883562595526 0.0334106728538283
2 0.8016534667222455 0.3922660479505027 0.019035709323329167 0.02165506573859242
2 0.8051271363067946 0.37532869296210364 0.0165346672224538 0.02088167053364269
2 0.768236765318883 0.36442382057231243 0.017229401139363627 0.02010827532869296
2 0.7367653188828679 0.4416086620262954 0.016256773655689873 0.02010827532869296
2 0.7356537446158122 0.42296983758700696 0.018757815756565238 0.0242846094354215
2 0.7891482562178687 0.43039443155452434 0.013755731554814507 0.014385150812064965
2 0.8513269417812979 0.41832946635730855 0.021119911074058636 0.02459396751740139
2 0.8889120466861193 0.4087393658159319 0.018757815756565238 0.023356535189481824
2 0.9064193413922469 0.411446249033256 0.012922050854522719 0.014230471771075018
0 0.6716687508684175 0.45174013921113687 0.052243990551618734 0.05212683681361175
0 0.641795192441295 0.4603248259860789 0.02501042100875365 0.027842227378190254
0 0.6303320828122829 0.47014694508894045 0.023482006391552037 0.022119102861562257
0 0.6035848270112547 0.46550657385924205 0.04112824788106156 0.0465583913379737
0 0.6189384465749619 0.4536736272235112 0.024037793525079898 0.024129930394431554
0 0.6452688620258441 0.44083526682134566 0.043073502848409065 0.037432327919566896
0 0.6829234403223566 0.42064965197215776 0.018063081839655413 0.020262954369682906
0 0.6129637348895374 0.42428460943542146 0.12241211615951092 0.11755607115235885
0 0.5431429762401001 0.4519721577726218 0.0897596220647492 0.11229698375870069
0 0.49367792135612065 0.4668213457076566 0.0858691121300542 0.11508120649651972
0 0.44240655828817566 0.48259860788863107 0.09142698346533279 0.11353441608662025
0 0.3843268028345144 0.502938901778809 0.08503543142976241 0.09791183294663573
0 0.3172155064610255 0.5115235885537509 0.10031957760177852 0.12034029389017788
0 0.25378629984715856 0.5224284609435421 0.08934278171460332 0.11214230471771075
0 0.18208975962206478 0.5351894818252126 0.10268167291927192 0.11013147718484145
2 0.11386688898152009 0.5100541376643465 0.019869390023620957 0.019644238205723124
2 0.0882312074475476 0.5099767981438514 0.028623037376684732 0.026295436968290797
2 0.05141030985132695 0.5201856148491879 0.03557037654578297 0.035885537509667435
0 0.11525635681533973 0.5389017788089714 0.035153536195637075 0.036504253673627224
0 0.0949006530498819 0.5569992266047951 0.028345143809920804 0.02877030162412993
0 0.06780603029039878 0.5601701469450889 0.028345143809920804 0.02459396751740139
3 0.7234264276781993 0.08453209590100541 0.020703070723912743 0.023356535189481824
