2 0.14441666666666667 0.35275 0.019166666666666665 0.0455
2 0.1285 0.379125 0.016 0.02625
2 0.11574999999999999 0.39975 0.011833333333333333 0.028
2 0.14833333333333332 0.44825 0.014 0.025
2 0.22241666666666665 0.368375 0.012166666666666666 0.02675
2 0.21358333333333332 0.3955 0.012499999999999999 0.034
2 0.16208333333333333 0.337125 0.012833333333333334 0.01575
2 0.09091666666666666 0.29812500000000003 0.017499999999999998 0.03025
2 0.04675 0.27775 0.013833333333333333 0.0315
2 0.029916666666666664 0.258 0.0115 0.0165
0 0.2955833333333333 0.412875 0.05216666666666667 0.051750000000000004
0 0.33125 0.42762500000000003 0.021833333333333333 0.03275
0 0.3485 0.424375 0.024666666666666667 0.01975
0 0.37374999999999997 0.45487500000000003 0.035166666666666666 0.05625
0 0.35141666666666665 0.457625 0.02383333333333333 0.02425
0 0.31708333333333333 0.451875 0.04883333333333333 0.02725
0 0.26708333333333334 0.446375 0.01583333333333333 0.02375
0 0.3418333333333333 0.504 0.12733333333333333 0.109
0 0.42924999999999996 0.528125 0.06516666666666666 0.15275
0 0.48866666666666664 0.551875 0.05433333333333333 0.16775
0 0.5503333333333333 0.57575 0.06733333333333333 0.153
0 0.6216666666666667 0.5995 0.071 0.121
0 0.696 0.648 0.07866666666666666 0.156
0 0.7677499999999999 0.689875 0.0645 0.15325
0 0.8491666666666666 0.7365 0.09466666666666666 0.123
2 0.9064166666666666 0.832875 0.01983333333333333 0.01925
2 0.9329166666666666 0.8562500000000001 0.031166666666666665 0.022
2 0.97675 0.875 0.035166666666666666 0.036000000000000004
0 0.9205 0.791375 0.03333333333333333 0.03925
0 0.9514166666666667 0.784375 0.02783333333333333 0.02925
0 0.9813333333333333 0.8043750000000001 0.03233333333333333 0.017750000000000002
3 0.044 0.88025 0.017666666666666667 0.028
