2 0.7157148812005003 0.7436968290796596 0.026677782409337228 0.0334106728538283
2 0.7345421703487565 0.737045630317092 0.019035709323329167 0.02165506573859242
2 0.7494094761706267 0.7318638824439289 0.0165346672224538 0.02088167053364269
2 0.7394747811588163 0.6907965970610982 0.017229401139363627 0.02010827532869296
2 0.6636793108239545 0.6991492652745552 0.016256773655689873 0.02010827532869296
2 0.6776434625538419 0.688708430007734 0.018618868973183274 0.0242846094354215
2 0.6986244268445186 0.7440061871616396 0.013616784771432543 0.01453982985305491
2 0.7391274142003613 0.7978344934261408 0.021258857857440604 0.024439288476411445
2 0.7653883562595527 0.8293116782675947 0.018757815756565238 0.023356535189481824
2 0.772057801861887 0.8476411446249033 0.012922050854522719 0.014230471771075018
0 0.6233152702514937 0.6413766434648105 0.052243990551618734 0.05212683681361175
0 0.6016395720439073 0.6169373549883991 0.02501042100875365 0.02768754833720031
0 0.5882312074475476 0.6107501933488012 0.023482006391552037 0.022119102861562257
0 0.5785744060025011 0.582598607888631 0.04112824788106156 0.0465583913379737
0 0.5954564401834098 0.591492652745553 0.024037793525079898 0.024129930394431554
0 0.618591079616507 0.6105181747873163 0.043073502848409065 0.037432327919566896
0 0.6531193552869252 0.6366589327146172 0.018202028623037377 0.02010827532869296
0 0.6152563568153397 0.5710750193348801 0.12227316937612895 0.11755607115235885
0 0.5588439627622621 0.5175560711523588 0.0897596220647492 0.11229698375870069
0 0.5225788522995694 0.4773395204949729 0.0858691121300542 0.11508120649651972
0 0.48464638043629293 0.4358855375096674 0.09142698346533279 0.11353441608662025
0 0.43976656940391834 0.39002320185614847 0.08503543142976241 0.09791183294663573
0 0.39954147561483955 0.32954369682907964 0.10018063081839657 0.12018561484918792
0 0.35938585521745176 0.2738592420726991 0.08934278171460332 0.11214230471771075
0 0.3135334167014034 0.21113689095127608 0.10268167291927192 0.11013147718484145
2 0.2989440044462971 0.1328692962103635 0.019869390023620957 0.01979891724671307
2 0.2863693205502293 0.10812064965197216 0.028623037376684732 0.026295436968290797
2 0.259969431707656 0.07764887857695282 0.03557037654578297 0.035885537509667435
0 0.27726830623871057 0.14856921887084298 0.035153536195637075 0.03665893271461717
0 0.25302209253855773 0.1379737045630317 0.028345143809920804 0.02877030162412993
0 0.2370432124496318 0.11345707656612529 0.028345143809920804 0.02459396751740139
3 0.9349034319855496 0.5077339520494972 0.020703070723912743 0.023356535189481824
