2 0.021244688827793054 0.9664999999999999 0.03449137715571107 0.028999999999999998
2 0.0451137215696076 0.9201666666666667 0.047238190452386905 0.055
2 0.07860534866283429 0.8521666666666666 0.059735066233441644 0.08033333333333333
2 0.13234191452136967 0.8362499999999999 0.04473881529617596 0.050499999999999996
2 0.14333916520869783 0.7633333333333333 0.0952261934516371 0.09266666666666666
2 0.19007748062984256 0.6218333333333333 0.051737065733566616 0.08666666666666667
2 0.22356910772306926 0.643 0.030742314421394655 0.034999999999999996
2 0.2436890777305674 0.48541666666666666 0.051487128217945516 0.0735
2 0.28742814296425895 0.5393333333333333 0.03199200199950013 0.050333333333333334
2 0.28455386153461637 0.42291666666666666 0.050737315671082237 0.050833333333333335
2 0.3642839290177456 0.34091666666666665 0.0382404398900275 0.041166666666666664
2 0.463009247688078 0.27591666666666664 0.03924018995251188 0.017499999999999998
2 0.35628592851787055 0.2533333333333333 0.032741814546363414 0.04133333333333333
2 0.3977755561109723 0.16325 0.08872781804548864 0.13916666666666666
2 0.5211197200699825 0.021249999999999998 0.09347663084228944 0.0405
