2 0.9663389435094152 0.978505373656586 0.02899516747208799 0.03449137715571107
2 0.9200133311114815 0.9546363409147713 0.05499083486085653 0.047238190452386905
2 0.8520246625562407 0.9211447138215447 0.08031994667555407 0.059735066233441644
2 0.8361106482252958 0.8674081479630094 0.05049158473587736 0.04473881529617596
2 0.7632061323112815 0.8564108972756812 0.09265122479586736 0.0952261934516371
2 0.6217297117147143 0.8096725818545364 0.08665222462922847 0.051737065733566616
2 0.6428928511914681 0.7761809547613098 0.034994167638726884 0.030742314421394655
2 0.4853357773704383 0.7560609847538116 0.07348775204132645 0.051487128217945516
2 0.5392434594234294 0.71232191952012 0.05032494584235961 0.03199200199950013
2 0.4228461923012832 0.7151962009497627 0.05082486252291285 0.050737315671082237
2 0.3408598566905516 0.6354661334666334 0.04115980669888352 0.0382404398900275
2 0.27587068821863026 0.536740814796301 0.017497083819363442 0.03924018995251188
2 0.2532911181469755 0.6434641339665085 0.04132644559240127 0.032741814546363414
2 0.16322279620063324 0.6019745063734067 0.13914347608731878 0.08872781804548864
2 0.021246458923512748 0.47863034241439645 0.040493251124812536 0.09347663084228944
