2 0.9697790746144228 0.539984532095901 0.030429345560650273 0.03186388244392885
2 0.9296929276087259 0.5486465583913379 0.05279977768514659 0.05073472544470224
2 0.8712658051966098 0.5622583139984532 0.07461442267611505 0.06929621036349574
2 0.8448659163540365 0.5409126063418407 0.04877032096706962 0.04733178654292343
2 0.7892177296095596 0.5688321732405259 0.09337223843268029 0.09419953596287703
2 0.6739613727942199 0.6093580819798917 0.0768375712102265 0.06790409899458623
2 0.6799360844796444 0.5816705336426914 0.033764068361817424 0.032637277648878575
2 0.5606502709462277 0.6440835266821345 0.06725024315687092 0.06156225831399845
2 0.5873975267472559 0.5955916473317865 0.04515770459913854 0.040371229698375866
2 0.504168403501459 0.6510440835266821 0.050715575934417126 0.05073472544470224
2 0.4228150618313186 0.6463263727764887 0.04029456718076977 0.03944315545243619
2 0.34840905933027655 0.6236658932714617 0.023482006391552037 0.02907965970610982
2 0.36181742392663613 0.691337973704563 0.03890509934695012 0.03665893271461717
2 0.2851882728914826 0.7109048723897912 0.1251910518271502 0.1119876256767208
2 0.14832569126024733 0.7107501933488012 0.05516187300263999 0.06867749419953596
