2 0.7036959844379603 0.9729311678267594 0.030429345560650273 0.03186388244392885
2 0.6769487286369321 0.9385924207269914 0.05279977768514659 0.05073472544470224
2 0.6370710018063083 0.8890951276102088 0.0744754758927331 0.06929621036349574
2 0.6405446713908574 0.8529002320185615 0.04890926775045158 0.04733178654292343
2 0.5909406697234959 0.8132250580046403 0.09337223843268029 0.09419953596287703
2 0.5017368347922746 0.7224284609435421 0.07697651799360845 0.06790409899458623
2 0.5263998888425734 0.7143851508120649 0.033764068361817424 0.032637277648878575
2 0.4182298179797138 0.6304717710750193 0.06725024315687092 0.06156225831399845
2 0.46929276087258587 0.6320959010054137 0.04515770459913854 0.040371229698375866
2 0.38439627622620537 0.5795823665893272 0.050715575934417126 0.05073472544470224
2 0.3474364318466028 0.4987625676720804 0.040155620397387806 0.03944315545243619
2 0.32791440878143674 0.4156999226604795 0.023343059608170073 0.028924980665119875
2 0.28192302348200643 0.4624129930394431 0.03890509934695012 0.03665893271461717
2 0.22842851187995 0.39837587006960556 0.12505210504376824 0.11214230471771075
2 0.16013616784771434 0.26635730858468676 0.05516187300263999 0.06867749419953596
