2 0.2961650687786578 0.026914153132250578 0.030429345560650273 0.03186388244392885
2 0.322912324579686 0.061252900232018556 0.05279977768514659 0.05073472544470224
2 0.36285952480200084 0.11075019334880123 0.07461442267611505 0.06929621036349574
2 0.35931638182576076 0.14694508894044855 0.04890926775045158 0.04733178654292343
2 0.40892038349312215 0.18662026295436968 0.09337223843268029 0.09419953596287703
2 0.4981242184243435 0.2774168600154679 0.07697651799360845 0.06790409899458623
2 0.4735306377657358 0.2854601701469451 0.03390301514519939 0.032637277648878575
2 0.5816312352369043 0.3693735498839907 0.06725024315687092 0.06156225831399845
2 0.5305682923440322 0.3677494199535963 0.04515770459913854 0.040371229698375866
2 0.6154647769904127 0.42026295436968286 0.050715575934417126 0.05073472544470224
2 0.6524246213700153 0.5010827532869296 0.040155620397387806 0.03944315545243619
2 0.6720161178268723 0.5841453982985305 0.023482006391552037 0.028924980665119875
2 0.7179380297346117 0.5374323279195669 0.03890509934695012 0.03665893271461717
2 0.7714325413366682 0.6014694508894044 0.12505210504376824 0.11214230471771075
2 0.8397248853689038 0.7334880123743233 0.05516187300263999 0.06867749419953596
