2 0.030081978602195362 0.45986078886310905 0.030429345560650273 0.03186388244392885
2 0.07016812560789218 0.45119876256767205 0.05279977768514659 0.05073472544470224
2 0.12859524802000835 0.4375870069605568 0.07461442267611505 0.06929621036349574
2 0.15499513686258165 0.4590100541376643 0.04877032096706962 0.047177107501933484
2 0.2107127969987495 0.4310904872389791 0.09351118521606226 0.09404485692188708
2 0.32596915381408925 0.3904872389791183 0.07697651799360845 0.06790409899458623
2 0.3199249687369738 0.41817478731631863 0.033764068361817424 0.032637277648878575
2 0.43921078227039045 0.3558391337973704 0.06725024315687092 0.06171693735498839
2 0.4124635264693623 0.40433101314771847 0.04515770459913854 0.04052590873936581
2 0.49576212310685014 0.3488012374323279 0.05085452271779909 0.05073472544470224
2 0.5770459913852994 0.3535189481825213 0.04029456718076977 0.03944315545243619
2 0.6514519938863416 0.3761794276875483 0.023482006391552037 0.02907965970610982
2 0.6381825760733639 0.308507347254447 0.03890509934695012 0.03665893271461717
2 0.7147422537168265 0.28894044856921886 0.12505210504376824 0.1119876256767208
2 0.8515353619563708 0.2890951276102088 0.05516187300263999 0.06867749419953596
