2 0.978505373656586 0.03349441759706716 0.03449137715571107 0.02899516747208799
2 0.9546363409147713 0.07982002999500083 0.047238190452386905 0.05499083486085653
2 0.9211447138215447 0.14780869855024165 0.059735066233441644 0.08031994667555407
2 0.8674081479630094 0.16372271288118648 0.04473881529617596 0.05049158473587736
2 0.8564108972756812 0.23662722879520082 0.0952261934516371 0.09265122479586736
2 0.8096725818545364 0.37810364939176805 0.051737065733566616 0.08665222462922847
2 0.7761809547613098 0.3569405099150142 0.030742314421394655 0.034994167638726884
2 0.7560609847538116 0.514497583736044 0.051487128217945516 0.07348775204132645
2 0.71232191952012 0.46058990168305286 0.03199200199950013 0.05032494584235961
2 0.7151962009497627 0.5769871688051992 0.050737315671082237 0.05082486252291285
2 0.6354661334666334 0.6589735044159307 0.0382404398900275 0.04115980669888352
2 0.536740814796301 0.7239626728878521 0.03924018995251188 0.017497083819363442
2 0.6434641339665085 0.7465422429595068 0.032741814546363414 0.04132644559240127
2 0.6019745063734067 0.8366105649058491 0.08872781804548864 0.13914347608731878
2 0.47863034241439645 0.9785869021829696 0.09347663084228944 0.040493251124812536
