0 0.377 0.4905 0.02033333333333333 0.0225
0 0.4265833333333333 0.48375 0.035166666666666666 0.0225
0 0.33416666666666667 0.48612500000000003 0.028333333333333332 0.02025
0 0.29575 0.4645 0.0225 0.027
0 0.41391666666666665 0.52 0.011166666666666667 0.0095
0 0.43274999999999997 0.51975 0.014166666666666666 0.02
0 0.48141666666666666 0.501625 0.025166666666666667 0.02225
0 0.5028333333333334 0.46875 0.03266666666666666 0.0325
0 0.5325 0.437875 0.014 0.01225
0 0.5115 0.4945 0.014 0.014
2 0.5291666666666667 0.499375 0.024999999999999998 0.01625
2 0.5583333333333333 0.469625 0.03233333333333333 0.03825
0 0.55775 0.469125 0.0355 0.043250000000000004
0 0.57 0.40875 0.024666666666666667 0.0305
0 0.574 0.4475 0.02333333333333333 0.0125
0 0.6074999999999999 0.4395 0.015666666666666666 0.01
0 0.5823333333333333 0.47500000000000003 0.017333333333333333 0.013000000000000001
0 0.6046666666666667 0.4685 0.035333333333333335 0.043000000000000003
0 0.6458333333333333 0.42462500000000003 0.05233333333333333 0.03175
0 0.6416666666666666 0.4535 0.031 0.0195
0 0.6715833333333333 0.44425000000000003 0.015166666666666667 0.0105
0 0.6962499999999999 0.42762500000000003 0.042833333333333334 0.04825
0 0.722 0.428875 0.012333333333333333 0.017750000000000002
0 0.7109166666666666 0.35675 0.01583333333333333 0.0225
0 0.6795 0.38625 0.008666666666666666 0.009000000000000001
0 0.7115 0.378625 0.006 0.00875
3 0.7244166666666666 0.8525 0.029833333333333333 0.109
3 0.7188333333333333 0.939875 0.028333333333333332 0.05625
3 0.7453333333333333 0.9380000000000001 0.03333333333333333 0.068
3 0.45525 0.91625 0.03716666666666667 0.051000000000000004
3 0.5051666666666667 0.9075 0.05633333333333333 0.0145
3 0.5786666666666667 0.9195 0.08933333333333333 0.043500000000000004
2 0.06683333333333333 0.9127500000000001 0.01 0.019
0 0.08716666666666667 0.247625 0.019666666666666666 0.01725
0 0.10083333333333333 0.243125 0.005666666666666666 0.01325
0 0.12833333333333333 0.31475000000000003 0.015666666666666666 0.016
0 0.16258333333333333 0.224375 0.012499999999999999 0.01225
0 0.18208333333333332 0.215125 0.0065 0.012750000000000001
0 0.22699999999999998 0.2025 0.022 0.019
0 0.24675 0.199375 0.019166666666666665 0.021750000000000002
0 0.27191666666666664 0.1935 0.0315 0.022
0 0.30483333333333335 0.1825 0.026 0.0165
0 0.6515 0.1905 0.021666666666666667 0.0195
0 0.7115 0.3035 0.016999999999999998 0.012
