2 0.03112449799196787 0.13949275362318841 0.06224899598393574 0.12681159420289856
2 0.10140562248995982 0.21920289855072464 0.07429718875502007 0.11956521739130435
2 0.19578313253012047 0.322463768115942 0.1144578313253012 0.15217391304347827
1 0.33433734939759036 0.4601449275362319 0.15863453815261042 0.2028985507246377
2 0.9578313253012047 0.39492753623188404 0.07630522088353413 0.15942028985507248
2 0.8704819277108433 0.4311594202898551 0.10642570281124497 0.07971014492753624
2 0.7630522088353413 0.4528985507246377 0.10441767068273092 0.07246376811594203
2 0.6616465863453814 0.4384057971014493 0.09839357429718874 0.07971014492753624
2 0.5120481927710843 0.5344202898550725 0.2008032128514056 0.213768115942029
0 0.5692771084337349 0.5072463768115942 0.06626506024096385 0.09420289855072464
0 0.4869477911646586 0.5778985507246377 0.09437751004016064 0.11956521739130435
