4 0.505 0.31822519083969464 0.387 0.541030534351145
4 0.802 0.28435114503816794 0.245 0.5629770992366412
2 0.69525 0.7051526717557252 0.1915 0.26908396946564883
2 0.1545 0.814885496183206 0.069 0.17366412213740456
4 0.11075 0.8673664122137404 0.0785 0.22709923664122136
4 0.233 0.8058206106870228 0.049 0.26240458015267176
4 0.277 0.6941793893129771 0.042 0.0715648854961832
4 0.33975 0.7881679389312977 0.025500000000000002 0.1946564885496183
2 0.30075 0.9174618320610687 0.0745 0.10400763358778625
2 0.37775000000000003 0.911736641221374 0.0565 0.05057251908396947
2 0.44475000000000003 0.9126908396946565 0.0465 0.025763358778625952
2 0.50475 0.8850190839694656 0.07150000000000001 0.06202290076335878
