2 0.5120833333333333 0.56 0.026166666666666664 0.154
2 0.5151666666666667 0.70875 0.024 0.089
2 0.5151666666666667 0.8875000000000001 0.02333333333333333 0.075
2 0.010083333333333333 0.520875 0.020166666666666666 0.19175
2 0.011416666666666667 0.34575 0.01983333333333333 0.088
2 0.017333333333333333 0.285375 0.015666666666666666 0.02025
2 0.014333333333333333 0.735 0.028333333333333332 0.10200000000000001
2 0.015333333333333332 0.962125 0.027 0.03025
2 0.024916666666666667 0.049375 0.022166666666666664 0.03225
2 0.021833333333333333 0.092 0.028333333333333332 0.051000000000000004
