0 0.04066666666666666 0.4928952042628775 0.08133333333333333 0.108348134991119
3 0.118 0.46447602131438726 0.08933333333333333 0.14031971580817051
3 0.22866666666666666 0.48756660746003555 0.124 0.19005328596802842
3 0.36466666666666664 0.4103019538188277 0.16666666666666666 0.09591474245115453
3 0.3853333333333333 0.5150976909413855 0.184 0.12788632326820604
3 0.5313333333333333 0.4316163410301954 0.164 0.19182948490230906
3 0.6346666666666666 0.369449378330373 0.07733333333333334 0.1349911190053286
3 0.718 0.29840142095914746 0.21733333333333332 0.14209591474245115
3 0.8893333333333333 0.4351687388987567 0.21066666666666667 0.17406749555950268
3 0.9546666666666667 0.6509769094138543 0.08533333333333333 0.23268206039076378
3 0.8213333333333334 0.6589698046181173 0.08266666666666667 0.11012433392539965
3 0.622 0.6856127886323269 0.04933333333333333 0.08170515097690942
2 0.688 0.635879218472469 0.06933333333333333 0.1669626998223801
2 0.43066666666666664 0.6198934280639432 0.042666666666666665 0.056838365896980464
2 0.46266666666666667 0.6731793960923623 0.03733333333333333 0.03197158081705151
3 0.43666666666666665 0.6314387211367674 0.07066666666666667 0.055062166962699825
3 0.46066666666666667 0.674955595026643 0.025333333333333333 0.028419182948490232
3 0.30533333333333335 0.5763765541740675 0.056 0.07282415630550622
3 0.11733333333333333 0.6642984014209592 0.23466666666666666 0.19182948490230906
2 0.6746666666666666 0.8579040852575489 0.06933333333333333 0.152753108348135
2 0.7033333333333333 0.7557726465364121 0.044 0.0763765541740675
2 0.78 0.8463587921847248 0.06133333333333333 0.18650088809946716
2 0.7366666666666667 0.40674955595026646 0.108 0.04973357015985791
2 0.5113333333333333 0.6030195381882771 0.07333333333333333 0.0763765541740675
2 0.5646666666666667 0.6660746003552398 0.07333333333333333 0.07460035523978686
2 0.37133333333333335 0.6518650088809947 0.076 0.14564831261101244
2 0.428 0.6980461811722913 0.04 0.08880994671403197
2 0.5053333333333333 0.7087033747779752 0.064 0.08880994671403197
2 0.26 0.7397868561278863 0.03733333333333333 0.108348134991119
2 0.3193333333333333 0.7966252220248669 0.04133333333333333 0.2113676731793961
2 0.22733333333333333 0.9262877442273535 0.03333333333333333 0.11545293072824157
2 0.43666666666666665 0.9227353463587922 0.036 0.15097690941385436
2 0.5593333333333333 0.9200710479573713 0.028 0.07460035523978686
2 0.5953333333333333 0.8774422735346359 0.03866666666666667 0.08880994671403197
2 0.5953333333333333 0.7886323268206039 0.08133333333333333 0.03907637655417407
2 0.98 0.9280639431616341 0.024 0.14031971580817051
2 0.5153333333333333 0.2699822380106572 0.10533333333333333 0.10657193605683837
2 0.14733333333333332 0.38010657193605685 0.04933333333333333 0.046181172291296625
2 0.856 0.3108348134991119 0.034666666666666665 0.03907637655417407
2 0.036 0.21492007104795738 0.058666666666666666 0.1030195381882771
