3 0.4277777777777778 0.42896174863387976 0.13703703703703704 0.09289617486338798
2 0.031018518518518518 0.8087431693989071 0.062037037037037036 0.1092896174863388
2 0.10740740740740741 0.7513661202185792 0.0925925925925926 0.10382513661202186
2 0.18333333333333335 0.6454918032786885 0.10740740740740741 0.11065573770491803
2 0.2662037037037037 0.5075136612021858 0.14907407407407408 0.17896174863387979
2 0.3472222222222222 0.4064207650273224 0.02592592592592593 0.04234972677595628
2 0.47870370370370374 0.31420765027322406 0.21666666666666667 0.14207650273224043
2 0.6837962962962963 0.20013661202185792 0.18796296296296297 0.12158469945355191
2 0.8143518518518519 0.17144808743169399 0.06759259259259259 0.05874316939890711
2 0.8856481481481482 0.10040983606557377 0.0787037037037037 0.11885245901639344
2 0.9865740740740742 0.07855191256830601 0.025 0.11612021857923498
2 0.9310185185185186 0.13866120218579234 0.08425925925925926 0.18169398907103826
2 0.8365740740740741 0.2581967213114754 0.10277777777777779 0.2103825136612022
2 0.7342592592592593 0.39207650273224043 0.1 0.2650273224043716
2 0.5861111111111111 0.5184426229508197 0.1962962962962963 0.28005464480874315
2 0.5180555555555556 0.8258196721311475 0.05092592592592593 0.34562841530054644
