0 0.5469999999999999 0.578 0.082 0.0405
0 0.5473333333333333 0.521875 0.03666666666666667 0.03725
0 0.5846666666666667 0.513875 0.048 0.03775
0 0.623 0.547125 0.030666666666666665 0.02625
0 0.6163333333333333 0.499125 0.030666666666666665 0.03025
0 0.6054999999999999 0.47375 0.06566666666666666 0.043500000000000004
0 0.5573333333333333 0.4635 0.03266666666666666 0.029500000000000002
0 0.4696666666666667 0.465375 0.124 0.06275
0 0.5491666666666667 0.442375 0.14633333333333332 0.043750000000000004
0 0.48633333333333334 0.41000000000000003 0.19799999999999998 0.03
