0 0.3465 0.597125 0.129 0.09925
0 0.5273333333333333 0.56225 0.21 0.1065
0 0.5025 0.34725 0.22233333333333333 0.093
0 0.8333333333333333 0.375375 0.106 0.03775
0 0.7131666666666666 0.4585 0.093 0.0385
0 0.9109999999999999 0.452625 0.03933333333333333 0.02675
0 0.5858333333333333 0.48562500000000003 0.05233333333333333 0.051750000000000004
0 0.7273333333333333 0.599125 0.09066666666666666 0.04425
0 0.46066666666666667 0.469625 0.06866666666666667 0.035250000000000004
0 0.26016666666666666 0.333125 0.034999999999999996 0.04425
