1 0.5311594202898551 0.356 0.02753623188405797 0.06
1 0.577536231884058 0.338 0.07391304347826087 0.044
2 0.5753623188405798 0.406 0.0927536231884058 0.032
2 0.6239130434782609 0.397 0.02753623188405797 0.046
2 0.6231884057971014 0.33 0.020289855072463767 0.10400000000000001
1 0.43623188405797103 0.322 0.0463768115942029 0.088
1 0.42028985507246375 0.381 0.06376811594202898 0.082
1 0.5514492753623188 0.448 0.01884057971014493 0.032
2 0.6246376811594203 0.446 0.014492753623188406 0.052000000000000005
1 0.6434782608695653 0.227 0.043478260869565216 0.07
1 0.6702898550724637 0.018000000000000002 0.05652173913043478 0.032
1 0.6818840579710145 0.061 0.06231884057971015 0.046
