2 0.7520833333333333 0.20277777777777778 0.38958333333333334 0.39722222222222225
0 0.803125 0.17916666666666667 0.20208333333333334 0.23055555555555557
0 0.4140625 0.21666666666666667 0.253125 0.16666666666666669
0 0.7229166666666667 0.7361111111111112 0.06666666666666667 0.08055555555555556
2 0.17604166666666665 0.6840277777777778 0.22916666666666666 0.3263888888888889
2 0.49114583333333334 0.7798611111111111 0.37395833333333334 0.24861111111111112
2 0.8166666666666667 0.8840277777777779 0.21458333333333332 0.20416666666666666
2 0.20833333333333334 0.26458333333333334 0.11041666666666666 0.17083333333333334
2 0.13177083333333334 0.38125000000000003 0.090625 0.10138888888888889
2 0.9026041666666667 0.6354166666666667 0.16979166666666667 0.1375
