1 0.32453703703703707 0.3355263157894737 0.06944444444444445 0.07894736842105263
1 0.35879629629629634 0.41447368421052627 0.05277777777777778 0.08223684210526315
1 0.3731481481481482 0.5016447368421052 0.0462962962962963 0.10197368421052631
1 0.32592592592592595 0.515625 0.04814814814814815 0.06085526315789473
1 0.23240740740740742 0.4942434210526315 0.1388888888888889 0.14967105263157893
1 0.312962962962963 0.6455592105263157 0.22962962962962963 0.14967105263157893
1 0.5689814814814815 0.6924342105263157 0.28055555555555556 0.05592105263157894
1 0.7495370370370371 0.631578947368421 0.16018518518518518 0.07236842105263158
1 0.8453703703703704 0.5674342105263157 0.07222222222222223 0.0625
1 0.8870370370370371 0.506578947368421 0.05555555555555556 0.05921052631578947
1 0.9027777777777778 0.41447368421052627 0.11666666666666667 0.12171052631578946
1 0.8250000000000001 0.32072368421052627 0.11481481481481481 0.06907894736842105
1 0.7273148148148149 0.31414473684210525 0.08611111111111111 0.05921052631578947
1 0.5240740740740741 0.31743421052631576 0.32407407407407407 0.042763157894736836
3 0.9365740740740741 0.32730263157894735 0.05277777777777778 0.05263157894736842
3 0.8976851851851853 0.6677631578947368 0.1212962962962963 0.09868421052631579
3 0.9268518518518519 0.5526315789473684 0.08888888888888889 0.07894736842105263
3 0.9875 0.47368421052631576 0.02314814814814815 0.09868421052631579
2 0.32222222222222224 0.716282894736842 0.044444444444444446 0.09703947368421052
