1 0.5161987041036717 0.29411764705882354 0.15982721382289417 0.22145328719723184
1 0.42548596112311016 0.5051903114186851 0.09071274298056156 0.08996539792387544
1 0.5561555075593952 0.48961937716262977 0.06695464362850972 0.13494809688581316
1 0.7818574514038877 0.35121107266435986 0.1123110151187905 0.18339100346020762
1 0.8736501079913608 0.342560553633218 0.08423326133909288 0.2906574394463668
1 0.9643628509719223 0.28719723183391005 0.06695464362850972 0.24913494809688583
1 0.6825053995680346 0.5657439446366782 0.08207343412526999 0.2110726643598616
1 0.8531317494600432 0.7197231833910035 0.0734341252699784 0.15916955017301038
1 0.5809935205183586 0.8910034602076125 0.04319654427645789 0.10726643598615918
1 0.9384449244060475 0.6833910034602076 0.07127429805615551 0.14878892733564014
1 0.7462203023758099 0.7681660899653979 0.11879049676025918 0.16608996539792387
