0 0.3637602179836512 0.19565217391304346 0.11171662125340599 0.22705314009661834
0 0.48092643051771117 0.18840579710144928 0.10081743869209808 0.2222222222222222
0 0.25885558583106266 0.44202898550724634 0.043596730245231606 0.1400966183574879
0 0.38828337874659397 0.7028985507246377 0.09536784741144413 0.15942028985507245
1 0.3555858310626703 0.4468599033816425 0.21525885558583105 0.32367149758454106
0 0.7002724795640327 0.7053140096618357 0.08719346049046321 0.15458937198067632
0 0.19209809264305178 0.40096618357487923 0.07356948228882834 0.13526570048309178
0 0.13760217983651227 0.5966183574879227 0.051771117166212535 0.12077294685990338
0 0.23433242506811988 0.8260869565217391 0.043596730245231606 0.05797101449275362
0 0.6362397820163488 0.16908212560386474 0.05722070844686648 0.08695652173913043
