2 0.3990625 0.6479166666666667 0.084375 0.16458333333333333
2 0.2925 0.515625 0.05 0.15208333333333332
2 0.475625 0.3796875 0.043750000000000004 0.103125
2 0.5484375 0.5666666666666667 0.099375 0.24583333333333332
2 0.645 0.5614583333333333 0.11375 0.2375
2 0.3071875 0.6583333333333333 0.043125000000000004 0.05625
2 0.41625 0.4432291666666667 0.02625 0.03229166666666666
2 0.48625 0.7328125 0.01875 0.03229166666666666
1 0.44875 0.5197916666666667 0.08750000000000001 0.18541666666666667
1 0.5525 0.38125 0.10125 0.13333333333333333
1 0.595625 0.7505208333333333 0.09625 0.06145833333333333
1 0.375 0.43333333333333335 0.058750000000000004 0.11875
1 0.6125 0.5046875 0.03875 0.084375
1 0.6540625 0.6348958333333333 0.030625 0.04895833333333333
1 0.68375 0.6161458333333333 0.03375 0.040625
1 0.6853125 0.6578125 0.031875 0.046875
1 0.63625 0.5770833333333333 0.0475 0.07291666666666667
2 0.61875 0.5046875 0.045 0.09270833333333334
2 0.655625 0.6364583333333333 0.025 0.052083333333333336
2 0.6840625 0.6109375 0.040625 0.051041666666666666
2 0.68625 0.6510416666666666 0.0325 0.04583333333333333
