4 0.28911042944785276 0.5658174097664543 0.04447852760736196 0.044585987261146494
4 0.3075153374233129 0.6295116772823779 0.032208588957055216 0.07855626326963906
4 0.2776073619631902 0.6900212314225053 0.09815950920245399 0.04246284501061571
4 0.656441717791411 0.6464968152866242 0.20858895705521474 0.05732484076433121
4 0.7338957055214724 0.5817409766454352 0.299079754601227 0.059447983014861996
4 0.3665644171779141 0.5849256900212314 0.06748466257668712 0.048832271762208064
4 0.42484662576687116 0.6762208067940552 0.20858895705521474 0.044585987261146494
4 0.41411042944785276 0.7452229299363057 0.03987730061349693 0.10191082802547771
4 0.05521472392638037 0.6295116772823779 0.07975460122699386 0.048832271762208064
4 0.2200920245398773 0.6199575371549894 0.05368098159509203 0.10191082802547771
4 0.40337423312883436 0.8949044585987261 0.08895705521472393 0.0870488322717622
4 0.6165644171779141 0.9660297239915074 0.27607361963190186 0.04670912951167728
4 0.7009202453987731 0.8163481953290871 0.08895705521472393 0.1762208067940552
4 0.8888036809815951 0.6709129511677282 0.17024539877300615 0.04670912951167728
4 0.4539877300613497 0.40552016985138 0.20245398773006135 0.08492569002123142
4 0.6073619631901841 0.4394904458598726 0.06134969325153374 0.04670912951167728
4 0.7446319018404908 0.4968152866242038 0.16717791411042945 0.12738853503184713
4 0.4570552147239264 0.26008492569002123 0.05828220858895706 0.1337579617834395
4 0.30598159509202455 0.24734607218683652 0.1549079754601227 0.07006369426751592
4 0.2776073619631902 0.3343949044585987 0.12269938650306748 0.08280254777070063
