0 0.21203703703703705 0.6574074074074074 0.12407407407407407 0.11481481481481481
0 0.13055555555555556 0.5518518518518518 0.08333333333333334 0.08395061728395062
0 0.06157407407407408 0.40987654320987654 0.06018518518518519 0.10617283950617283
0 0.08425925925925926 0.345679012345679 0.12407407407407407 0.0962962962962963
0 0.17222222222222222 0.31234567901234567 0.06296296296296297 0.05925925925925926
0 0.33240740740740743 0.13518518518518519 0.05740740740740741 0.06790123456790123
0 0.3888888888888889 0.13271604938271606 0.1 0.10740740740740741
0 0.5412037037037037 0.41604938271604935 0.06574074074074074 0.12839506172839507
0 0.3425925925925926 0.5419753086419753 0.06666666666666667 0.0691358024691358
0 0.5416666666666667 0.7228395061728395 0.07777777777777778 0.09506172839506173
0 0.6453703703703704 0.22592592592592592 0.08148148148148149 0.17777777777777778
0 0.25972222222222224 0.36234567901234566 0.07685185185185185 0.09753086419753086
0 0.29814814814814816 0.3253086419753086 0.05185185185185186 0.06049382716049383
0 0.38703703703703707 0.5055555555555555 0.07407407407407407 0.0728395061728395
0 0.4962962962962963 0.582716049382716 0.07407407407407407 0.07160493827160494
0 0.5518518518518519 0.6530864197530865 0.05925925925925926 0.06419753086419754
0 0.3925925925925926 0.41728395061728396 0.06296296296296297 0.05925925925925926
0 0.6560185185185186 0.8932098765432098 0.08240740740740742 0.05802469135802469
0 0.6587962962962963 0.5277777777777778 0.03796296296296296 0.06296296296296296
0 0.6314814814814815 0.4074074074074074 0.0962962962962963 0.12839506172839507
0 0.4625 0.2722222222222222 0.13240740740740742 0.07037037037037037
0 0.45787037037037037 0.4191358024691358 0.049074074074074076 0.09012345679012346
