2 0.7221153846153846 0.34006928406466513 0.028846153846153848 0.046189376443418015
2 0.8365384615384616 0.24971131639722863 0.023846153846153847 0.028290993071593534
2 0.8469230769230769 0.42479792147806006 0.015384615384615385 0.07188221709006928
2 0.8294230769230769 0.44630484988452657 0.029615384615384616 0.036374133949191687
2 0.7021153846153846 0.5111143187066974 0.06576923076923077 0.04301385681293302
2 0.6826923076923077 0.6040704387990762 0.08384615384615385 0.03262124711316397
2 0.5430769230769231 0.4656466512702078 0.05692307692307692 0.03521939953810623
2 0.5071153846153846 0.5057736720554272 0.04346153846153846 0.046189376443418015
2 0.43826923076923074 0.5460450346420324 0.08884615384615385 0.048787528868360276
2 0.5175 0.3182736720554272 0.018076923076923077 0.049942263279445724
2 0.30673076923076925 0.4373556581986143 0.055 0.1056581986143187
2 0.35980769230769233 0.4914838337182448 0.03423076923076923 0.012990762124711315
2 0.3601923076923077 0.5284353348729792 0.07115384615384615 0.07650115473441109
2 0.4059615384615385 0.5786662817551963 0.027307692307692307 0.02569284064665127
2 0.44596153846153846 0.6024826789838337 0.058076923076923075 0.030600461893764433
2 0.5025 0.6275981524249422 0.05961538461538462 0.024249422632794455
0 0.8273076923076923 0.3311200923787529 0.08692307692307692 0.05889145496535797
0 0.7478846153846154 0.3812066974595843 0.04961538461538462 0.0424364896073903
1 0.3507692307692308 0.3904445727482679 0.12923076923076923 0.06495381062355658
1 0.8015384615384615 0.6502598152424942 0.03230769230769231 0.027424942263279444
1 0.8375 0.611864896073903 0.04423076923076923 0.04301385681293302
1 0.5882692307692308 0.6534353348729792 0.048846153846153845 0.025115473441108545
