2 0.4402056277056277 0.42175 0.03896103896103896 0.0455
2 0.4759199134199134 0.40125 0.026515151515151516 0.025500000000000002
2 0.5086580086580087 0.38625 0.045454545454545456 0.0205
2 0.5320616883116883 0.35025 0.03273809523809524 0.0485
2 0.5748106060606061 0.32475 0.052759740259740256 0.0465
2 0.6118777056277056 0.3815 0.035443722943722944 0.065
2 0.6291937229437229 0.46425 0.020833333333333332 0.0955
2 0.5121753246753247 0.55 0.06872294372294373 0.035
2 0.5863095238095238 0.521 0.09253246753246754 0.044
2 0.4609036796536797 0.55375 0.06791125541125541 0.0535
2 0.7785443722943723 0.40775 0.052759740259740256 0.0665
1 0.8337391774891775 0.41425 0.06358225108225109 0.1045
1 0.7034632034632035 0.42925 0.08008658008658008 0.0745
4 0.6521915584415584 0.44775000000000004 0.036525974025974024 0.1305
4 0.11755952380952381 0.33625 0.1176948051948052 0.0465
