3 0.2258454106280193 0.3338926174496644 0.0893719806763285 0.15771812080536912
3 0.3405797101449275 0.43288590604026844 0.1400966183574879 0.10067114093959731
3 0.43961352657004826 0.3808724832214765 0.05797101449275362 0.16442953020134227
3 0.44806763285024154 0.23154362416107382 0.09903381642512077 0.1476510067114094
3 0.48792270531400966 0.5335570469798657 0.05797101449275362 0.2483221476510067
3 0.5954106280193237 0.5604026845637584 0.1473429951690821 0.26174496644295303
3 0.7391304347826086 0.4748322147651007 0.043478260869565216 0.06375838926174497
3 0.7077294685990337 0.5184563758389261 0.043478260869565216 0.050335570469798654
3 0.7342995169082125 0.3959731543624161 0.024154589371980676 0.040268456375838924
3 0.7620772946859903 0.3523489932885906 0.021739130434782608 0.053691275167785234
3 0.7572463768115941 0.26677852348993286 0.021739130434782608 0.03691275167785235
3 0.7753623188405797 0.22315436241610737 0.03864734299516908 0.0436241610738255
3 0.7693236714975845 0.12919463087248323 0.021739130434782608 0.030201342281879193
3 0.8792270531400965 0.3976510067114094 0.024154589371980676 0.15771812080536912
3 0.8514492753623188 0.4966442953020134 0.036231884057971016 0.15436241610738255
3 0.7801932367149758 0.6711409395973155 0.2077294685990338 0.18120805369127516
3 0.36714975845410625 0.552013422818792 0.08212560386473429 0.05704697986577181
