3 0.54025 0.549287856071964 0.0175 0.019865067466266866
2 0.5365 0.5481634182908546 0.015 0.01911544227886057
2 0.5595 0.5579085457271364 0.029 0.005622188905547226
2 0.5785 0.5534107946026986 0.008 0.006371814092953523
2 0.5942500000000001 0.5610944527736131 0.0395 0.011244377811094452
2 0.61675 0.5712143928035982 0.0155 0.015742128935532233
2 0.631 0.5818965517241379 0.03 0.008620689655172414
2 0.61875 0.6013868065967016 0.0135 0.008620689655172414
2 0.626 0.5935157421289355 0.015 0.015367316341829085
2 0.50825 0.5393553223388305 0.0165 0.015742128935532233
2 0.60375 0.5447901049475262 0.0175 0.006371814092953523
1 0.6445 0.5590329835082458 0.05 0.04010494752623688
2 0.6995 0.5712143928035982 0.018000000000000002 0.013493253373313342
1 0.6825 0.595952023988006 0.052000000000000005 0.03073463268365817
