2 0.464 0.5970303867403315 0.009000000000000001 0.03383977900552486
2 0.48375 0.592196132596685 0.0305 0.0324585635359116
2 0.485 0.4713397790055248 0.022 0.08218232044198895
2 0.503 0.6256906077348066 0.018000000000000002 0.08149171270718232
2 0.504 0.45994475138121543 0.02 0.08701657458563536
1 0.515 0.3477209944751381 0.024 0.057320441988950276
1 0.50275 0.3829419889502762 0.0175 0.04074585635359116
2 0.54 0.32078729281767954 0.006 0.026933701657458564
2 0.5335 0.34944751381215466 0.011 0.03867403314917127
1 0.5455 0.36049723756906077 0.014 0.03591160220994475
1 0.41575 0.24723756906077346 0.029500000000000002 0.045580110497237564
2 0.5365 0.23238950276243092 0.016 0.03522099447513812
1 0.58275 0.35842541436464087 0.051500000000000004 0.07596685082872928
1 0.2635 0.2969613259668508 0.168 0.0856353591160221
