2 0.49599125364431484 0.41775 0.07725947521865889 0.1065
2 0.4856049562682216 0.57625 0.025145772594752185 0.0375
2 0.4560860058309038 0.5605 0.029518950437317785 0.043000000000000003
2 0.49325801749271136 0.521 0.01858600583090379 0.051000000000000004
2 0.5100218658892128 0.6075 0.04190962099125364 0.019
2 0.37682215743440234 0.57025 0.03644314868804665 0.0475
2 0.41472303206997085 0.46175 0.056851311953352766 0.0545
2 0.40269679300291544 0.338 0.021865889212827987 0.034
1 0.35331632653061223 0.442 0.07689504373177843 0.189
1 0.3589650145772595 0.5905 0.06851311953352769 0.107
1 0.44752186588921283 0.638 0.10349854227405247 0.054
1 0.5448250728862973 0.513 0.03134110787172011 0.17
0 0.6222667638483965 0.5135 0.10604956268221574 0.11900000000000001
0 0.6149781341107872 0.613 0.08418367346938775 0.091
0 0.5202259475218659 0.72875 0.17966472303206996 0.1235
0 0.3821064139941691 0.71875 0.09657434402332361 0.1355
0 0.2971938775510204 0.632 0.08199708454810495 0.195
0 0.2968294460641399 0.49 0.06450437317784256 0.122
0 0.3092201166180758 0.42075 0.045553935860058306 0.0855
0 0.36169825072886297 0.3755 0.06669096209912537 0.093
0 0.5018221574344023 0.34800000000000003 0.14067055393586006 0.123
0 0.6173469387755102 0.40800000000000003 0.10131195335276967 0.167
2 0.5736151603498543 0.241 0.16326530612244897 0.092
2 0.4050655976676385 0.267 0.08272594752186589 0.046
2 0.44260204081632654 0.25175000000000003 0.07179300291545189 0.059500000000000004
