3 0.5154230929553981 0.6616395978344934 0.10601639572043908 0.102861562258314
0 0.6959844379602613 0.7380510440835266 0.04446297068222871 0.050270688321732405
3 0.5740586355425873 0.5836040216550658 0.06905655134083646 0.08383604021655065
3 0.3610532166180353 0.5194122196442382 0.06961233847436432 0.07146171693735498
3 0.22981797971376963 0.43897911832946634 0.13644574128108936 0.16148491879350346
3 0.417604557454495 0.3824439288476411 0.053216618035292484 0.06697602474864656
3 0.685424482423232 0.3528228924980665 0.07308600805891344 0.08569218870843
3 0.38613311101847997 0.16442382057231245 0.15089620675281368 0.1602474864655839
3 0.2664999305266083 0.0991492652745553 0.06586077532305128 0.08600154679040989
3 0.17569820758649438 0.31090487238979114 0.050993469501181055 0.060943542150038665
3 0.815339724885369 0.44261407579273004 0.03946088648047798 0.04408352668213457
