3 0.6031494750874855 0.71232191952012 0.10948175304115981 0.09747563109222696
0 0.8318613564405933 0.6567108222944265 0.03832694550908182 0.06023494126468383
3 0.6219796700549909 0.55023744063984 0.05315780703216131 0.11022244438890279
3 0.3661889685052492 0.6519620094976256 0.06748875187468756 0.07523119220194951
3 0.18655224129311782 0.6577105723569108 0.10948175304115981 0.20669832541864536
3 0.35102482919513417 0.40952261934516376 0.03849358440259957 0.09172706823294177
3 0.6133977670388269 0.12721819545113722 0.059323446092317954 0.10847288177955512
3 0.20104982502916183 0.13271682079480132 0.14080986502249626 0.17695576105973507
3 0.04149308448591902 0.14896275931017247 0.04399266788868522 0.12246938265433642
3 0.061323112814530914 0.5271182204448889 0.04032661223129479 0.07898025493626594
3 0.7967005499083487 0.13596600849787555 0.034660889851691384 0.05198700324918771
