3 0.6335278588300681 0.5658159319412219 0.10601639572043908 0.10301624129930394
0 0.7832430179241351 0.4299303944315545 0.04446297068222871 0.050270688321732405
3 0.6021258857857441 0.4702242846094354 0.06905655134083646 0.08383604021655065
3 0.44567180769765186 0.6435421500386698 0.06961233847436432 0.07161639597834493
3 0.31749340002778936 0.7299303944315545 0.13644574128108936 0.16148491879350346
3 0.36730582187022376 0.5205723124516628 0.053216618035292484 0.06697602474864656
3 0.4782548284007226 0.24748646558391338 0.07308600805891344 0.08569218870843
3 0.18215923301375575 0.4419180201082753 0.15089620675281368 0.1602474864655839
3 0.07134917326663888 0.5245939675174014 0.06572182853966932 0.08584686774941995
3 0.19077393358343755 0.7180201082753287 0.05085452271779909 0.060943542150038665
3 0.6130332082812283 0.16720804331013148 0.03946088648047798 0.043928847641144624
