3 0.71232191952012 0.39668388601899685 0.09747563109222696 0.10948175304115981
0 0.6567108222944265 0.16797200466588902 0.06023494126468383 0.03832694550908182
3 0.55023744063984 0.37785369105149147 0.11022244438890279 0.05315780703216131
3 0.6519620094976256 0.6336443926012332 0.07523119220194951 0.06748875187468756
3 0.6577105723569108 0.8132811198133645 0.20669832541864536 0.10948175304115981
3 0.40952261934516376 0.6488085319113481 0.09172706823294177 0.03849358440259957
3 0.12721819545113722 0.3865189135144143 0.10847288177955512 0.059490084985835696
3 0.13271682079480132 0.7987835360773206 0.17695576105973507 0.14080986502249626
3 0.14896275931017247 0.9583402766205633 0.12246938265433642 0.04399266788868522
3 0.5271182204448889 0.9385102482919514 0.07898025493626594 0.04032661223129479
3 0.13596600849787555 0.20313281119813367 0.05198700324918771 0.034660889851691384
