3 0.36633319438655 0.4340293890177881 0.10601639572043908 0.10301624129930394
0 0.216618035292483 0.5699149265274555 0.04446297068222871 0.050270688321732405
3 0.397735167430874 0.5296210363495746 0.06905655134083646 0.08383604021655065
3 0.5541892455189663 0.35630317092034025 0.06961233847436432 0.07161639597834493
3 0.6823676531888287 0.2699149265274555 0.13644574128108936 0.16148491879350346
3 0.6325552313463944 0.4792730085073472 0.053216618035292484 0.06697602474864656
3 0.5216062248158956 0.7523588553750966 0.07308600805891344 0.08569218870843
3 0.8178407669862443 0.5580046403712297 0.15089620675281368 0.16009280742459395
3 0.9285118799499792 0.4753286929621036 0.06572182853966932 0.08600154679040989
3 0.8091565930248715 0.2818252126836813 0.050993469501181055 0.060943542150038665
3 0.3868278449353898 0.8326372776488785 0.03946088648047798 0.043928847641144624
