3 0.48443796026122 0.33820572312451663 0.10601639572043908 0.102861562258314
0 0.30387661525635684 0.26187161639597833 0.04446297068222871 0.05011600928074246
3 0.4258024176740309 0.41624129930394427 0.06905655134083646 0.08383604021655065
3 0.6388078365985828 0.48043310131477185 0.06961233847436432 0.07146171693735498
3 0.7700430735028485 0.5608662026295437 0.13644574128108936 0.16148491879350346
3 0.5823259691538142 0.6174013921113689 0.053355564818674456 0.06697602474864656
3 0.31443657079338616 0.6470224284609435 0.07308600805891344 0.08569218870843
3 0.6137279421981382 0.8354215003866976 0.15089620675281368 0.1602474864655839
3 0.7334305960817008 0.9006960556844547 0.06572182853966932 0.08600154679040989
3 0.8243017924135057 0.6889404485692189 0.050993469501181055 0.060943542150038665
3 0.18452132833124915 0.55723124516628 0.03946088648047798 0.04408352668213457
