3 0.28742814296425895 0.60325 0.09747563109222696 0.1095
0 0.3430392401899525 0.832 0.06023494126468383 0.03833333333333333
3 0.4495126218445389 0.6220833333333333 0.11022244438890279 0.05316666666666667
3 0.34778805298675336 0.36624999999999996 0.07523119220194951 0.0675
3 0.34203949012746815 0.18658333333333332 0.20669832541864536 0.1095
3 0.5902274431392153 0.3510833333333333 0.09172706823294177 0.0385
3 0.8725318670332418 0.6134999999999999 0.10847288177955512 0.05933333333333333
3 0.8670332416895776 0.20108333333333334 0.17695576105973507 0.14083333333333334
3 0.8507873031742065 0.041499999999999995 0.12246938265433642 0.044
3 0.47263184203949016 0.06133333333333333 0.07898025493626594 0.04033333333333333
3 0.8637840539865035 0.7968333333333333 0.05198700324918771 0.034666666666666665
