3 0.39666666666666667 0.287375 0.10933333333333332 0.09725
0 0.16791666666666666 0.343 0.03816666666666667 0.06
3 0.3778333333333333 0.4495 0.053 0.11
3 0.6336666666666666 0.34775 0.06733333333333333 0.075
3 0.8133333333333334 0.342 0.10933333333333332 0.20650000000000002
3 0.6488333333333333 0.59025 0.03833333333333333 0.0915
3 0.3865 0.872625 0.05933333333333333 0.10825
3 0.7988333333333333 0.867125 0.14066666666666666 0.17675
3 0.9584166666666666 0.850875 0.043833333333333335 0.12225
3 0.9385833333333333 0.472625 0.04016666666666666 0.07875
3 0.20308333333333334 0.8638750000000001 0.034499999999999996 0.051750000000000004
