0 0.6492288453522301 0.60015467904099 0.059608170070862866 0.05537509667440062
0 0.5915659302487148 0.5418406805877803 0.04654717243295818 0.05877803557617942
0 0.4477560094483813 0.522892498066512 0.24551896623593167 0.18855375096674398
0 0.42364874253161044 0.39992266047950503 0.3434764485202168 0.2980665119876257
0 0.5192441294984022 0.36674400618716163 0.04362928998193692 0.04331013147718484
0 0.4510907322495485 0.254215003866976 0.08017229401139364 0.0839907192575406
0 0.40218146449909686 0.2567672080433101 0.0768375712102265 0.0822892498066512
0 0.3552869251076838 0.23495746326372774 0.06058079755453662 0.07146171693735498
0 0.37355842712241216 0.15506573859242073 0.06322078643879395 0.06759474091260634
0 0.48582742809503965 0.17177107501933486 0.14908989856884813 0.13379737045630316
0 0.1721550646102543 0.28058778035576176 0.094483812699736 0.10641918020108275
0 0.2514242045296652 0.33379737045630314 0.07266916770876755 0.08290796597061098
0 0.28136723634847854 0.42451662799690637 0.10170904543559818 0.0843000773395205
