0 0.7090484919180137 0.5058735316170958 0.06432261289785036 0.047488127968008005
0 0.6176470588235294 0.47625593601599603 0.03349441759706716 0.0807298175456136
0 0.4580903182802867 0.5789802549362659 0.30694884185969007 0.08622844288927768
0 0.36685552407932015 0.42851787053236695 0.3921013164472588 0.21669582604348914
0 0.4482586235627396 0.2961759560109973 0.04399266788868522 0.042989252686828294
0 0.31678053657723715 0.1999500124968758 0.07598733544409265 0.09097725568607849
0 0.2673721046492252 0.24756310922269434 0.071154807532078 0.09172706823294177
0 0.20696550574904185 0.2591852036990753 0.04899183469421763 0.09097725568607849
0 0.1828861856357274 0.1308422894276431 0.05882352941176471 0.07523119220194951
0 0.30853191134810865 0.05336165958510373 0.16547242126312284 0.10622344413896527
0 0.0412431261456424 0.4877530617345664 0.08148641893017831 0.12821794551362162
0 0.1523079486752208 0.49100224943764065 0.061989668388601905 0.10122469382654337
0 0.23221129811698052 0.5909772556860785 0.12047992001333112 0.05323669082729318
