0 0.6525635681533973 0.40610982211910285 0.059608170070862866 0.05522041763341067
0 0.5783659858274282 0.43263727764887855 0.04654717243295818 0.05877803557617942
0 0.49173266638877317 0.5617169373549884 0.2456579130193136 0.18855375096674398
0 0.3839794358760595 0.5234338747099768 0.3433375017368348 0.2982211910286156
0 0.4060025010421009 0.41469450889404486 0.04362928998193692 0.04331013147718484
0 0.2843545921911908 0.42412993039443153 0.08017229401139364 0.08414539829853054
0 0.2619146866750035 0.4726218097447796 0.07697651799360845 0.08213457076566125
0 0.22148117271085177 0.5068832173240526 0.06058079755453662 0.07146171693735498
0 0.16840350145894123 0.44926527455529774 0.06335973322217592 0.06759474091260634
0 0.2375295261914687 0.3494972931167827 0.14908989856884813 0.13379737045630316
0 0.16534667222453803 0.7062645011600928 0.094483812699736 0.10641918020108275
0 0.2464915937196054 0.6564578499613302 0.07280811449214951 0.08290796597061098
0 0.3319438654995137 0.6729311678267594 0.10170904543559818 0.0843000773395205
