0 0.5058735316170958 0.29078486918846863 0.047488127968008005 0.06432261289785036
0 0.47625593601599603 0.38218630228295286 0.0807298175456136 0.03349441759706716
0 0.5789802549362659 0.5417430428261957 0.08622844288927768 0.30694884185969007
0 0.42851787053236695 0.6329778370271621 0.21669582604348914 0.3921013164472588
0 0.2961759560109973 0.5515747375437428 0.042989252686828294 0.04399266788868522
0 0.1999500124968758 0.6830528245292452 0.09097725568607849 0.07598733544409265
0 0.24756310922269434 0.7324612564572571 0.09172706823294177 0.071154807532078
0 0.2591852036990753 0.7928678553574405 0.09097725568607849 0.04899183469421763
0 0.1308422894276431 0.8169471754707549 0.07523119220194951 0.05882352941176471
0 0.05336165958510373 0.6913847692051325 0.10622344413896527 0.16563906015664057
0 0.4877530617345664 0.9586735544075988 0.12821794551362162 0.08165305782369606
0 0.49100224943764065 0.8475254124312616 0.10122469382654337 0.061989668388601905
0 0.5909772556860785 0.7676220629895019 0.05323669082729318 0.12047992001333112
