0 0.34729748506322083 0.5938128383604021 0.059608170070862866 0.05537509667440062
0 0.42149506738918996 0.5672853828306265 0.04654717243295818 0.05893271461716937
0 0.508128386827845 0.4382057231245166 0.2456579130193136 0.18870843000773393
0 0.6158816173405586 0.47641144624903325 0.3433375017368348 0.2982211910286156
0 0.5938585521745172 0.5851508120649652 0.04362928998193692 0.04331013147718484
0 0.7155064610254274 0.5757927300850735 0.08017229401139364 0.0839907192575406
0 0.7380158399333057 0.5273008507347254 0.0768375712102265 0.0822892498066512
0 0.7783798805057663 0.49296210363495746 0.06058079755453662 0.07146171693735498
0 0.8314575517576769 0.5505800464037123 0.06335973322217592 0.06759474091260634
0 0.7623315270251494 0.6504253673627223 0.14908989856884813 0.1336426914153132
0 0.8345143809920801 0.29358081979891726 0.094483812699736 0.10641918020108275
0 0.7533694594970127 0.3433874709976798 0.07280811449214951 0.08290796597061098
0 0.6679171877171044 0.3269141531322506 0.10170904543559818 0.0843000773395205
