0 0.350632207864388 0.39969064191802006 0.059608170070862866 0.05537509667440062
0 0.4082951229679033 0.4580046403712297 0.04654717243295818 0.05877803557617942
0 0.5521050437682368 0.476952822892498 0.24551896623593167 0.18855375096674398
0 0.5762817840766987 0.599922660479505 0.3433375017368348 0.2980665119876257
0 0.48061692371821596 0.6331013147718484 0.04362928998193692 0.04331013147718484
0 0.5487703209670697 0.7457076566125289 0.08017229401139364 0.08414539829853054
0 0.5976795887175212 0.7430781129156999 0.0768375712102265 0.0822892498066512
0 0.6445741281089343 0.7649651972157773 0.06058079755453662 0.07130703789636504
0 0.626302626094206 0.8447795823665892 0.06322078643879395 0.06759474091260634
0 0.5140336251215785 0.8280742459396752 0.14908989856884813 0.13379737045630316
0 0.8278449353897458 0.7192575406032482 0.094483812699736 0.10641918020108275
0 0.748506322078644 0.6660479505027068 0.07280811449214951 0.08290796597061098
0 0.7184938168681395 0.5753286929621036 0.10170904543559818 0.0843000773395205
