0 0.4938765308672832 0.7091666666666666 0.047488127968008005 0.06433333333333333
0 0.5234941264683829 0.61775 0.0807298175456136 0.0335
0 0.420769807548113 0.45816666666666667 0.08622844288927768 0.307
0 0.571232191952012 0.36691666666666667 0.21669582604348914 0.39216666666666666
0 0.7035741064733817 0.4483333333333333 0.042989252686828294 0.044
0 0.7998000499875032 0.3168333333333333 0.09097725568607849 0.076
0 0.7521869532616846 0.26741666666666664 0.09172706823294177 0.07116666666666667
0 0.7405648587853038 0.207 0.09097725568607849 0.048999999999999995
0 0.8689077730567358 0.18291666666666667 0.07523119220194951 0.058833333333333335
0 0.9465133716570858 0.3085833333333333 0.10647338165458636 0.1655
0 0.5119970007498126 0.04125 0.12821794551362162 0.0815
0 0.5087478130467383 0.15233333333333332 0.10122469382654337 0.062
0 0.40877280679830047 0.23224999999999998 0.05323669082729318 0.1205
