0 0.29075 0.493875 0.06416666666666666 0.04725
0 0.38216666666666665 0.5235 0.03333333333333333 0.0805
0 0.54175 0.42075 0.30683333333333335 0.08600000000000001
0 0.633 0.57125 0.39199999999999996 0.2165
0 0.5515833333333333 0.7036250000000001 0.043833333333333335 0.04275
0 0.6830833333333333 0.799875 0.07583333333333334 0.09075
0 0.7324999999999999 0.75225 0.071 0.0915
0 0.7929166666666666 0.740625 0.04883333333333333 0.09075
0 0.817 0.869 0.058666666666666666 0.075
0 0.6914166666666667 0.946625 0.1655 0.10625
0 0.95875 0.512 0.0815 0.128
0 0.8475833333333334 0.50875 0.06183333333333333 0.101
0 0.7676666666666666 0.40875 0.12033333333333333 0.053
