0 0.6711129637348896 0.7411446249033256 0.01917465610671113 0.023356535189481824
4 0.6294289287203002 0.7292343387470998 0.010559955537029318 0.013457076566125289
1 0.32061970265388356 0.36890951276102085 0.024593580658607755 0.026604795050270687
1 0.40106989023204115 0.41198762567672076 0.010976795887175213 0.01160092807424594
1 0.38689731832708074 0.40177880897138435 0.013199944421286648 0.014385150812064965
1 0.3763373627900514 0.3967517401392111 0.012088370154230931 0.012993039443155451
1 0.36334583854383773 0.3881670533642691 0.013894678338196471 0.015622583139984532
1 0.3370154230929554 0.3744779582366589 0.014311518688342366 0.01608662026295437
0 0.3265944143393081 0.6590873936581593 0.010143115186883425 0.010208816705336427
3 0.354522717799083 0.21314771848414538 0.011254689453939141 0.01268368136117556
0 0.7621231068500764 0.4539056457849961 0.01500625260525219 0.016550657385924206
