0 0.8075320779870022 0.6835791052236941 0.01466422262956174 0.030992251937015748
4 0.7578736877187136 0.704323919020245 0.00733211131478087 0.018995251187203202
1 0.24320946508915184 0.47788052986753315 0.022496250624895853 0.03049237690577356
1 0.3499416763872688 0.46575856035991003 0.010331611398100318 0.012746813296675832
1 0.3296117313781037 0.4642589352661835 0.011998000333277787 0.016745813546613347
1 0.31586402266288954 0.46663334166458387 0.011164805865689053 0.014496375906023495
1 0.29778370271621396 0.46625843539115225 0.011998000333277787 0.018745313671582105
1 0.2630394934177637 0.4708822794301425 0.012497917013831029 0.018995251187203202
0 0.4055990668221963 0.8784053986503375 0.009998333611064824 0.010747313171707074
3 0.19438426928845193 0.22944263934016498 0.009831694717547076 0.015496125968507874
0 0.7473754374270956 0.1997000749812547 0.013331111481419765 0.019495126218445392
