0 0.7730999027372517 0.45560711523588554 0.01917465610671113 0.023356535189481824
4 0.7430873975267474 0.48979118329466353 0.010559955537029318 0.013457076566125289
1 0.3083923857162707 0.6072699149265274 0.024593580658607755 0.026604795050270687
1 0.38217312769209394 0.5511987625676721 0.010976795887175213 0.01160092807424594
1 0.3670279283034598 0.559860788863109 0.013199944421286648 0.014385150812064965
1 0.35785744060025015 0.5675174013921114 0.012088370154230931 0.012993039443155451
1 0.34465749617896346 0.5757927300850735 0.013755731554814507 0.015622583139984532
1 0.3208975962206475 0.5942768754833719 0.014311518688342366 0.01608662026295437
0 0.5370293177712936 0.7466357308584687 0.01000416840350146 0.010208816705336427
3 0.20411282478810616 0.4967517401392111 0.011393636237321108 0.012838360402165506
0 0.5952480200083369 0.22412993039443155 0.01500625260525219 0.01670533642691415
