0 0.6835791052236941 0.1923012831194801 0.030992251937015748 0.01466422262956174
4 0.704323919020245 0.24195967338776872 0.018995251187203202 0.00733211131478087
1 0.47788052986753315 0.7566238960173305 0.03049237690577356 0.022496250624895853
1 0.46575856035991003 0.6498916847192135 0.012746813296675832 0.010331611398100318
1 0.4642589352661835 0.6702216297283786 0.016745813546613347 0.011998000333277787
1 0.46663334166458387 0.6839693384435928 0.014496375906023495 0.011164805865689053
1 0.46625843539115225 0.7020496583902683 0.018745313671582105 0.011998000333277787
1 0.4708822794301425 0.7367938676887186 0.018995251187203202 0.012497917013831029
0 0.8784053986503375 0.594234294284286 0.010747313171707074 0.009998333611064824
3 0.22944263934016498 0.8054490918180304 0.015496125968507874 0.009831694717547076
0 0.1997000749812547 0.2524579236793868 0.019495126218445392 0.013331111481419765
