0 0.22676115047936643 0.5442382057231245 0.01917465610671113 0.023356535189481824
4 0.2567736556898708 0.5100541376643465 0.010559955537029318 0.013457076566125289
1 0.6914686675003474 0.3925754060324826 0.024593580658607755 0.026604795050270687
1 0.6176879255245241 0.44864655839133794 0.010976795887175213 0.01160092807424594
1 0.6328331249131584 0.439984532095901 0.013199944421286648 0.014385150812064965
1 0.642073086008059 0.43232791956689864 0.011949423370848965 0.012993039443155451
1 0.6552730304293456 0.42412993039443153 0.013894678338196471 0.015467904098994586
1 0.6790329303876615 0.40556844547563803 0.014172571904960402 0.01608662026295437
0 0.46283173544532447 0.25320959010054134 0.01000416840350146 0.010208816705336427
3 0.7957482284285119 0.5030935808197989 0.011393636237321108 0.012838360402165506
0 0.40461303320828124 0.7757153905645785 0.01500625260525219 0.01670533642691415
