0 0.3288870362651105 0.25870069605568446 0.01917465610671113 0.023356535189481824
4 0.3705015978880089 0.27061098221191027 0.010421008753647354 0.013457076566125289
1 0.6792413505627345 0.6309358081979891 0.024593580658607755 0.026604795050270687
1 0.5987911629845769 0.5878576952822893 0.010976795887175213 0.01160092807424594
1 0.6130332082812283 0.5980665119876256 0.013338891204668614 0.014385150812064965
1 0.6235236904265666 0.6031709203402938 0.012088370154230931 0.012838360402165506
1 0.6365846880644713 0.6117556071152358 0.013755731554814507 0.015467904098994586
1 0.6629151035153537 0.6254447022428461 0.014172571904960402 0.015931941221964424
0 0.6732666388773101 0.3408352668213457 0.010143115186883425 0.010363495746326373
3 0.6454078088092261 0.7867749419953596 0.011393636237321108 0.012838360402165506
0 0.23773794636654164 0.5459396751740139 0.01500625260525219 0.016550657385924206
