0 0.31617095726068484 0.8076666666666666 0.030992251937015748 0.014666666666666666
4 0.295426143464134 0.758 0.018995251187203202 0.007333333333333333
1 0.5218695326168459 0.24325 0.03049237690577356 0.0225
1 0.5339915021244689 0.35 0.012746813296675832 0.010333333333333333
1 0.5354911272181955 0.32966666666666666 0.016745813546613347 0.012
1 0.5331167208197951 0.3159166666666667 0.014496375906023495 0.011166666666666667
1 0.5334916270932267 0.29783333333333334 0.018745313671582105 0.012
1 0.5288677830542364 0.26308333333333334 0.018995251187203202 0.012499999999999999
0 0.1213446638340415 0.4056666666666667 0.010747313171707074 0.01
3 0.770307423144214 0.19441666666666665 0.015496125968507874 0.009833333333333333
0 0.8001749562609348 0.7474999999999999 0.019745063734066485 0.013333333333333332
