0 0.19225 0.316125 0.014499999999999999 0.03075
4 0.24191666666666667 0.295375 0.007166666666666667 0.01875
1 0.7566666666666666 0.521875 0.022333333333333334 0.03025
1 0.6499166666666667 0.534 0.010166666666666666 0.0125
1 0.67025 0.5355 0.011833333333333333 0.0165
1 0.6839999999999999 0.533125 0.011 0.01425
1 0.7020833333333333 0.5335 0.011833333333333333 0.0185
1 0.7368333333333333 0.528875 0.012333333333333333 0.01875
0 0.59425 0.12125 0.009833333333333333 0.0105
3 0.8055 0.770375 0.009666666666666667 0.01525
0 0.2524166666666667 0.80025 0.013166666666666667 0.0195
