2 0.7371821592330138 0.791569992266048 0.0165346672224538 0.016860015467904096
1 0.776087258579964 0.6567672080433101 0.030985132694178134 0.037432327919566896
4 0.8380575239683202 0.5177107501933488 0.06544393497290538 0.052281515854601696
4 0.7976240100041685 0.4932714617169373 0.028484090593302768 0.026914153132250578
4 0.7514936779213562 0.4662026295436968 0.03209670696123385 0.030007733952049497
4 0.7290537724051689 0.4522041763341067 0.026955675976101157 0.026140757927300848
4 0.7064054467139086 0.4376643464810518 0.03084618591079617 0.028615622583139984
4 0.6829929137140476 0.42436194895591645 0.027928303459774907 0.025522041763341066
4 0.6612477421147701 0.41152358855375093 0.025288314575517577 0.021500386697602472
4 0.6426983465332778 0.40038669760247486 0.020147283590384885 0.018716163959783448
4 0.6250521050437683 0.39149265274555295 0.026816729192719192 0.022892498066511988
4 0.6049742948450744 0.37927300850734724 0.024176740308461862 0.022273781902552203
