2 0.9034327612064657 0.6945763559110223 0.016497250458256958 0.016995751062234443
1 0.8711881353107817 0.47100724818795303 0.02432927845359107 0.04873781554611348
4 0.8606898850191635 0.22069482629342665 0.07965339110148309 0.02899275181204699
4 0.8055324112647892 0.2229442639340165 0.030328278620229965 0.023994001499625096
4 0.7429595067488752 0.2263184203949013 0.03449425095817364 0.026243439140214948
4 0.712131311448092 0.22694326418395402 0.02782869521746376 0.024993751562109475
4 0.6808031994667556 0.22706823294176456 0.033161139810031666 0.02474381404648838
4 0.6493917680386603 0.22956760809797552 0.030328278620229965 0.021244688827793054
4 0.6198133644392602 0.23106723319170208 0.029495084152641227 0.01474631342164459
4 0.5945675720713215 0.23206698325418648 0.02166305615730712 0.016245938515371157
4 0.5714047658723547 0.23569107723069235 0.030994834194300953 0.015996000999750064
4 0.5440759873354442 0.23656585853536619 0.026328945175804034 0.018745313671582105
