2 0.8454217034875643 0.417014694508894 0.0165346672224538 0.01670533642691415
1 0.7599694317076561 0.31214230471771076 0.030985132694178134 0.037432327919566896
4 0.6828539669306656 0.182830626450116 0.06544393497290538 0.052281515854601696
4 0.6436015006252606 0.20959010054137664 0.028623037376684732 0.026914153132250578
4 0.5994164235097958 0.2405259087393658 0.032235653744615816 0.030007733952049497
4 0.5773238849520634 0.25522041763341063 0.026955675976101157 0.026295436968290797
4 0.5547450326524942 0.26983758700696053 0.0307072391274142 0.028615622583139984
4 0.5327219674864527 0.285769528228925 0.027789356676392943 0.025522041763341066
4 0.511810476587467 0.3002320185614849 0.025149367792135613 0.021345707656612527
4 0.4938863415311936 0.3125290023201856 0.020147283590384885 0.018716163959783448
4 0.47804640822564964 0.3251353441608662 0.026816729192719192 0.022892498066511988
4 0.45866333194386555 0.33828306264501157 0.024176740308461862 0.022273781902552203
