2 0.6945763559110223 0.09640059990001668 0.016995751062234443 0.016497250458256958
1 0.47100724818795303 0.1287285452424596 0.04873781554611348 0.024162639560073324
4 0.22069482629342665 0.13914347608731878 0.02899275181204699 0.07965339110148309
4 0.2229442639340165 0.19430094984169308 0.023994001499625096 0.030328278620229965
4 0.2263184203949013 0.25687385435760707 0.026243439140214948 0.03449425095817364
4 0.22694326418395402 0.2877020496583903 0.024993751562109475 0.02782869521746376
4 0.22706823294176456 0.31903016163972675 0.02474381404648838 0.033161139810031666
4 0.22956760809797552 0.3504415930678221 0.021244688827793054 0.030328278620229965
4 0.23106723319170208 0.38001999666722214 0.01474631342164459 0.029495084152641227
4 0.23206698325418648 0.40526578903516086 0.016245938515371157 0.02166305615730712
4 0.23569107723069235 0.4284285952341277 0.015996000999750064 0.030994834194300953
4 0.23656585853536619 0.4557573737710382 0.018745313671582105 0.026328945175804034
