2 0.1544393497290538 0.582830626450116 0.0165346672224538 0.01670533642691415
1 0.2398916215089621 0.6877030162412993 0.030985132694178134 0.037432327919566896
4 0.31700708628595253 0.817014694508894 0.06544393497290538 0.052281515854601696
4 0.35625955259135755 0.7902552204176334 0.028623037376684732 0.026914153132250578
4 0.4004446297068223 0.7593194122196442 0.032235653744615816 0.030007733952049497
4 0.42253716826455473 0.7447022428460943 0.026955675976101157 0.026140757927300848
4 0.44511602056412397 0.7300077339520494 0.0307072391274142 0.028615622583139984
4 0.4671390857301654 0.714230471771075 0.027789356676392943 0.025522041763341066
4 0.4880505766291511 0.6996133023975251 0.025149367792135613 0.021345707656612527
4 0.5059747116854245 0.6873163186388244 0.020147283590384885 0.018716163959783448
4 0.5218146449909685 0.6747099767981438 0.026816729192719192 0.022892498066511988
4 0.5412671946644436 0.6615622583139984 0.024037793525079898 0.022273781902552203
