2 0.2626788939836043 0.2082753286929621 0.0165346672224538 0.016860015467904096
1 0.22377379463665417 0.3430781129156999 0.030985132694178134 0.037432327919566896
4 0.1618035292482979 0.48213457076566124 0.06544393497290538 0.052281515854601696
4 0.20223704321244965 0.5065738592420727 0.028484090593302768 0.026914153132250578
4 0.24836737529526193 0.5337200309358082 0.03209670696123385 0.030162412993039442
4 0.2708072808114492 0.5477184841453983 0.026955675976101157 0.026295436968290797
4 0.29352507989440046 0.5621809744779582 0.0307072391274142 0.028615622583139984
4 0.31686813950257053 0.5754833720030935 0.027928303459774907 0.025522041763341066
4 0.338613311101848 0.5883217324052591 0.025288314575517577 0.021500386697602472
4 0.3571627066833403 0.5994586233565351 0.020147283590384885 0.018716163959783448
4 0.3748784215645408 0.608352668213457 0.026955675976101157 0.022892498066511988
4 0.39488675837154374 0.6205723124516628 0.024176740308461862 0.022273781902552203
