2 0.3051737065733567 0.9035833333333333 0.016995751062234443 0.0165
1 0.5287428142964259 0.8713333333333333 0.04873781554611348 0.024333333333333332
4 0.7790552361909523 0.8608333333333333 0.02899275181204699 0.07966666666666666
4 0.7768057985503625 0.8056666666666666 0.023994001499625096 0.030333333333333334
4 0.7734316420894777 0.7430833333333333 0.026243439140214948 0.034499999999999996
4 0.772806798300425 0.7122499999999999 0.024993751562109475 0.02783333333333333
4 0.7726818295426144 0.6809166666666666 0.02474381404648838 0.033166666666666664
4 0.7701824543864034 0.6495 0.021244688827793054 0.030333333333333334
4 0.7686828292926768 0.6199166666666667 0.01474631342164459 0.0295
4 0.7676830792301925 0.5946666666666667 0.016245938515371157 0.021666666666666667
4 0.7640589852536867 0.5715 0.015996000999750064 0.031
4 0.7631842039490128 0.5441666666666667 0.018745313671582105 0.026333333333333334
