2 0.09633333333333333 0.305125 0.01633333333333333 0.01675
1 0.12866666666666665 0.52875 0.024 0.0485
4 0.13908333333333334 0.7791250000000001 0.0795 0.02875
4 0.19425 0.776875 0.030166666666666665 0.02375
4 0.2568333333333333 0.7735 0.034333333333333334 0.026000000000000002
4 0.2876666666666667 0.772875 0.027666666666666666 0.02475
4 0.319 0.77275 0.033 0.0245
4 0.35041666666666665 0.77025 0.030166666666666665 0.021
4 0.38 0.76875 0.029333333333333333 0.0145
4 0.40525 0.76775 0.0215 0.016
4 0.42841666666666667 0.764125 0.03083333333333333 0.01575
4 0.45575 0.76325 0.026166666666666664 0.0185
