2 0.8925941364457414 0.6019334880123743 0.03001250521050438 0.034184068058778036
2 0.8451438099208004 0.5810518174787316 0.03181881339446992 0.032637277648878575
2 0.8186744476865361 0.5510440835266821 0.018618868973183274 0.023047177107501933
2 0.8673058218702238 0.47610208816705335 0.016951507572599694 0.018870843000773393
2 0.8203418090871197 0.5092034029389018 0.011393636237321108 0.01453982985305491
2 0.7516326247047381 0.5532095901005414 0.03570932332916493 0.03727764887857695
2 0.7752535778796722 0.5219644238205723 0.05127136306794498 0.05150812064965197
2 0.7305821870223705 0.49373549883990714 0.03445880227872725 0.03897911832946636
2 0.6999444212866472 0.4665119876256767 0.0382103654300403 0.04176334106728538
2 0.6597193274975685 0.44300077339520494 0.04112824788106156 0.04083526682134571
2 0.6278310407114076 0.41376643464810514 0.039044046130332084 0.03897911832946636
2 0.5932332916492984 0.40348027842227374 0.015423092955398085 0.015003866976024748
