2 0.9626728878520248 0.2895526118470383 0.025329111814697554 0.04173956510872282
2 0.9021829695050826 0.30292426893276686 0.030661556407265457 0.03449137715571107
2 0.8586068988501917 0.28480379905023745 0.013831028161973005 0.031242189452636845
2 0.8686052324612565 0.13609097725568609 0.014830861523079488 0.022244438890277433
2 0.8376937177137145 0.22469382654336417 0.008331944675887352 0.01999500124968758
2 0.7900349941676388 0.34803799050237444 0.03432761206465589 0.040239940014996256
2 0.797783702716214 0.2831792051987003 0.05115814030994834 0.05198700324918771
2 0.7361273121146477 0.2838040489877531 0.029495084152641227 0.047238190452386905
2 0.689718380269955 0.27318170457385654 0.03432761206465589 0.04798800299925019
2 0.6351441426428929 0.27655586103474133 0.04115980669888352 0.04073981504623844
2 0.5864022662889519 0.2643089227693077 0.0393267788701883 0.03874031492126968
2 0.544825862356274 0.2809297675581105 0.01583069488418597 0.014496375906023495
