2 0.7756704182298181 0.17238979118329464 0.029873558427122415 0.034184068058778036
2 0.7356537446158122 0.2076566125290023 0.03181881339446992 0.032637277648878575
2 0.6991802139780464 0.21817478731631862 0.018618868973183274 0.023047177107501933
2 0.6650687786577741 0.13379737045630316 0.01709045435598166 0.018870843000773393
2 0.6674308739752676 0.1956689868522815 0.011532583020703072 0.01453982985305491
2 0.6672224538001946 0.2839133797370456 0.0358482701125469 0.03727764887857695
2 0.6547867166875088 0.24555297757153904 0.05127136306794498 0.05150812064965197
2 0.6104626927886619 0.27447795823665894 0.03431985549534529 0.03882443928847641
2 0.5739196887592053 0.29033255993812834 0.0382103654300403 0.04176334106728538
2 0.535570376545783 0.3174013921113689 0.04098930109767959 0.04083526682134571
2 0.49687369737390585 0.3336426914153132 0.03918299291371405 0.03897911832946636
2 0.4715159094066973 0.3617942768754834 0.015423092955398085 0.015158546017014694
