2 0.2895526118470383 0.03716047325445759 0.04173956510872282 0.025329111814697554
2 0.30292426893276686 0.09765039160139978 0.03449137715571107 0.030661556407265457
2 0.28480379905023745 0.14122646225629062 0.031242189452636845 0.013831028161973005
2 0.13609097725568609 0.13122812864522582 0.022244438890277433 0.014830861523079488
2 0.22469382654336417 0.16213964339276787 0.01999500124968758 0.008331944675887352
2 0.34803799050237444 0.20979836693884354 0.040239940014996256 0.03432761206465589
2 0.2831792051987003 0.2020496583902683 0.05198700324918771 0.05115814030994834
2 0.2838040489877531 0.2637060489918347 0.047238190452386905 0.029495084152641227
2 0.27318170457385654 0.3101149808365273 0.04798800299925019 0.03432761206465589
2 0.27655586103474133 0.3646892184635894 0.04073981504623844 0.04115980669888352
2 0.2643089227693077 0.41343109481753043 0.03874031492126968 0.0393267788701883
2 0.2809297675581105 0.45500749875020835 0.014496375906023495 0.01583069488418597
