2 0.22426010837849106 0.8274555297757153 0.03001250521050438 0.034184068058778036
2 0.26420730860080593 0.7921887084300077 0.03181881339446992 0.032637277648878575
2 0.30075031263026264 0.7816705336426913 0.01847992218980131 0.023047177107501933
2 0.33486174795053497 0.8660479505027069 0.016951507572599694 0.018870843000773393
2 0.3324996526330416 0.8041763341067285 0.011393636237321108 0.01453982985305491
2 0.33263859941642354 0.7159319412219644 0.0358482701125469 0.03727764887857695
2 0.3450743365291094 0.754292343387471 0.05127136306794498 0.05150812064965197
2 0.3894678338196471 0.725367362722351 0.03445880227872725 0.03882443928847641
2 0.4259413644574129 0.7095127610208817 0.0382103654300403 0.04176334106728538
2 0.4642906766708351 0.6824439288476412 0.04098930109767959 0.04083526682134571
2 0.5029873558427123 0.6662799690641917 0.03918299291371405 0.03882443928847641
2 0.5283451438099208 0.6380510440835266 0.015423092955398085 0.015158546017014694
