2 0.10726691677087677 0.39791183294663574 0.03001250521050438 0.034184068058778036
2 0.1547172432958177 0.4188708430007734 0.03181881339446992 0.03279195668986852
2 0.181186605530082 0.4488012374323279 0.018618868973183274 0.023047177107501933
2 0.13255523134639435 0.5238205723124516 0.016951507572599694 0.01902552204176334
2 0.1795887175211894 0.49064191802010826 0.011532583020703072 0.01453982985305491
2 0.24822842851187998 0.44663573085846864 0.03570932332916493 0.03727764887857695
2 0.22460747533694597 0.47788089713843773 0.05127136306794498 0.05150812064965197
2 0.2693483395859386 0.5061098221191028 0.03431985549534529 0.03897911832946636
2 0.29991663192997087 0.5333333333333333 0.0382103654300403 0.04176334106728538
2 0.3402111991107406 0.5568445475638051 0.04098930109767959 0.04083526682134571
2 0.37203001250521056 0.5860788863109049 0.039044046130332084 0.03897911832946636
2 0.4066972349590107 0.5963650425367363 0.015562039738780049 0.015003866976024748
