2 0.7103224193951513 0.9628333333333333 0.041989502624343915 0.025333333333333333
2 0.6968257935516121 0.9023333333333333 0.03449137715571107 0.030666666666666665
2 0.7149462634341415 0.85875 0.031242189452636845 0.013833333333333333
2 0.8637840539865035 0.86875 0.022494376405898527 0.014833333333333332
2 0.7750562359410148 0.8378333333333333 0.01999500124968758 0.008333333333333333
2 0.6517120719820045 0.7901666666666667 0.040239940014996256 0.034333333333333334
2 0.7165708572856786 0.7979166666666666 0.05198700324918771 0.051166666666666666
2 0.7159460134966259 0.73625 0.047238190452386905 0.0295
2 0.7265683579105224 0.6898333333333333 0.04798800299925019 0.034333333333333334
2 0.7233191702074482 0.63525 0.040989752561859535 0.041166666666666664
2 0.7354411397150713 0.5865 0.03874031492126968 0.03933333333333333
2 0.7188202949262685 0.5449166666666666 0.014496375906023495 0.01583333333333333
