2 0.03708333333333333 0.710375 0.025166666666666667 0.04175
2 0.09758333333333333 0.696875 0.0305 0.03425
2 0.14116666666666666 0.715 0.013666666666666666 0.031
2 0.13116666666666665 0.8638750000000001 0.014666666666666666 0.02225
2 0.16208333333333333 0.7751250000000001 0.008166666666666666 0.01975
2 0.20975 0.65175 0.034166666666666665 0.04
2 0.20199999999999999 0.7166250000000001 0.051 0.051750000000000004
2 0.26366666666666666 0.716 0.029333333333333333 0.047
2 0.3100833333333333 0.726625 0.034166666666666665 0.04775
2 0.36466666666666664 0.723375 0.041 0.04075
2 0.41341666666666665 0.7355 0.03916666666666666 0.0385
2 0.45499999999999996 0.718875 0.015666666666666666 0.01425
