4 0.5698902320411283 0.29868522815158544 0.04710295956648604 0.04176334106728538
0 0.5727386411004586 0.4802010827532869 0.017229401139363627 0.017788089713843772
0 0.5357787967208559 0.4662799690641918 0.010559955537029318 0.012219644238205723
0 0.5247325274419897 0.4762567672080433 0.00791996665277199 0.009590100541376642
0 0.5209114908989857 0.48012374323279194 0.005279977768514659 0.006187161639597834
0 0.5925385577323885 0.40154679040989943 0.02320411282478811 0.01948955916473318
0 0.6385299430318189 0.434184068058778 0.014033625121578438 0.017633410672853827
0 0.6474920105599556 0.43503480278422274 0.010559955537029318 0.01160092807424594
0 0.6643740447408643 0.42699149265274555 0.01736834792274559 0.01747873163186388
3 0.4337223843268029 0.5408352668213456 0.031540919827705995 0.028615622583139984
3 0.3904404613033209 0.5110595514307811 0.032513547311379745 0.026914153132250578
3 0.36181742392663613 0.4918793503480278 0.02000833680700292 0.01948955916473318
3 0.33944699180213983 0.4765661252900232 0.027789356676392943 0.026914153132250578
3 0.34514380992080035 0.4522041763341067 0.027511463109629014 0.03573085846867749
3 0.6502014728359039 0.5061871616395978 0.058496595803807144 0.0843000773395205
1 0.401903570932333 0.40587780355761793 0.045713491732666395 0.04083526682134571
1 0.4261497846324858 0.3882443928847641 0.0661386688898152 0.05723124516627997
