4 0.4641726378936844 0.15533616595851038 0.05282452924512582 0.032741814546363414
0 0.5649058490251625 0.40689827543114226 0.016330611564739212 0.018995251187203202
0 0.5189968338610232 0.42064483879030246 0.008831861356440594 0.015496125968507874
0 0.5129145142476255 0.4443889027743065 0.005999000166638894 0.012996750812296927
0 0.5110814864189303 0.45313671582104476 0.004332611231461423 0.007998000499875032
0 0.5430761539743376 0.2788052986753312 0.026995500749875022 0.013246688327918022
0 0.6084819196800534 0.2831792051987003 0.01016497250458257 0.023994001499625096
0 0.6182302949508416 0.2764308922769308 0.009331778036993836 0.013496625843539117
0 0.6314780869855025 0.24993751562109476 0.017497083819363442 0.017495626093476633
3 0.45317447092151314 0.6167208197950513 0.035160806532244626 0.022744313921519623
3 0.3922679553407766 0.6139715071232192 0.03866022329611732 0.016745813546613347
3 0.35210798200299953 0.6128467883029243 0.020663222796200635 0.018495376155961012
3 0.3206965505749042 0.6114721319670083 0.02882852857857024 0.025243689077730568
3 0.3134477587068822 0.572356910772307 0.01866355607398767 0.050487378155461136
3 0.6593901016497251 0.37340664833791554 0.030994834194300953 0.13046738315421147
1 0.3474420929845026 0.45651087228192955 0.0509915014164306 0.03224193951512122
1 0.36310614897517085 0.4098975256185954 0.07565405765705717 0.04148962759310173
