4 0.3783520911490899 0.33186388244392884 0.046964012783104074 0.041918020108275326
0 0.5209809642906768 0.419876256767208 0.01709045435598166 0.017788089713843772
0 0.49173266638877317 0.44864655839133794 0.010559955537029318 0.012219644238205723
0 0.4938863415311936 0.4641918020108275 0.00791996665277199 0.009590100541376642
0 0.4950673891899403 0.46976024748646555 0.005279977768514659 0.006187161639597834
0 0.46970960122273175 0.3614075792730085 0.02320411282478811 0.019644238205723124
0 0.5180630818396554 0.33348801237432324 0.014033625121578438 0.017633410672853827
0 0.5232041128247882 0.3252900232018561 0.010421008753647354 0.011446249033255994
0 0.5254272613588996 0.30494972931167824 0.01736834792274559 0.01747873163186388
3 0.4986800055578714 0.5842227378190255 0.03167986661108796 0.028460943542150036
3 0.45393914130887875 0.6111368909512761 0.032513547311379745 0.026914153132250578
3 0.42462137001528416 0.6290796597061098 0.02000833680700292 0.01948955916473318
3 0.40155620397387803 0.64292343387471 0.027789356676392943 0.026759474091260633
3 0.38543837710157014 0.6252900232018561 0.027511463109629014 0.03573085846867749
3 0.5799638738363208 0.3581593194122196 0.05863554258718911 0.0843000773395205
1 0.3777268306238711 0.5474091260634184 0.045713491732666395 0.04083526682134571
1 0.3761289426149785 0.5152358855375097 0.0661386688898152 0.05723124516627997
