4 0.15533616595851038 0.5356607232127979 0.032741814546363414 0.05282452924512582
0 0.40689827543114226 0.4349275120813198 0.018995251187203202 0.016330611564739212
0 0.42064483879030246 0.4808365272454591 0.015496125968507874 0.008831861356440594
0 0.4443889027743065 0.4869188468588569 0.012996750812296927 0.005999000166638894
0 0.45313671582104476 0.4887518746875521 0.007998000499875032 0.004332611231461423
0 0.2788052986753312 0.4567572071321447 0.013246688327918022 0.026995500749875022
0 0.2831792051987003 0.39135144142642897 0.023994001499625096 0.01016497250458257
0 0.2764308922769308 0.38160306615564077 0.013496625843539117 0.009331778036993836
0 0.24993751562109476 0.36835527412097985 0.017495626093476633 0.017497083819363442
3 0.6167208197950513 0.5466588901849692 0.022744313921519623 0.035160806532244626
3 0.6139715071232192 0.6075654057657057 0.016745813546613347 0.03866022329611732
3 0.6128467883029243 0.6477253791034828 0.018495376155961012 0.020663222796200635
3 0.6114721319670083 0.6791368105315782 0.025243689077730568 0.02882852857857024
3 0.572356910772307 0.686468921846359 0.050487378155461136 0.018830194967505418
3 0.37340664833791554 0.34044325945675724 0.13046738315421147 0.030994834194300953
1 0.45651087228192955 0.6523912681219797 0.03224193951512122 0.0509915014164306
1 0.4098975256185954 0.6368105315780703 0.04148962759310173 0.07548741876353941
