4 0.6215089620675281 0.6679814385150812 0.046964012783104074 0.041918020108275326
0 0.4788800889259414 0.5799690641918019 0.01709045435598166 0.017788089713843772
0 0.508128386827845 0.5511987625676721 0.010559955537029318 0.012219644238205723
0 0.5059747116854245 0.5356535189481825 0.00791996665277199 0.009590100541376642
0 0.5048631374183689 0.5300850734725444 0.005418924551896624 0.006187161639597834
0 0.5301514519938864 0.6384377416860015 0.02320411282478811 0.019644238205723124
0 0.4817979713769627 0.6665119876256766 0.014033625121578438 0.017633410672853827
0 0.47665694039183 0.6746326372776489 0.010421008753647354 0.01160092807424594
0 0.47443379185771856 0.6948955916473317 0.01736834792274559 0.01747873163186388
3 0.5012505210504378 0.4156225831399845 0.031540919827705995 0.028460943542150036
3 0.5459913852994304 0.3887857695282289 0.03265249409476171 0.026759474091260633
3 0.575309156593025 0.3707656612529002 0.019869390023620957 0.01948955916473318
3 0.5984437960261221 0.35692188708430006 0.027789356676392943 0.026759474091260633
3 0.614422676115048 0.3745552977571539 0.027511463109629014 0.03573085846867749
3 0.41996665277198836 0.6416860015467903 0.058496595803807144 0.0843000773395205
1 0.622134222592747 0.4524361948955916 0.045713491732666395 0.04083526682134571
1 0.6238015839933306 0.48460943542150037 0.06599972210643325 0.05723124516627997
