4 0.42997082117548985 0.7011600928074245 0.04710295956648604 0.04176334106728538
0 0.42719188550785053 0.5196442382057231 0.01709045435598166 0.017788089713843772
0 0.4640822564957622 0.5335653518948182 0.010559955537029318 0.012219644238205723
0 0.4751285257746284 0.5235885537509667 0.00791996665277199 0.009590100541376642
0 0.4789495623176324 0.5197215777262181 0.005279977768514659 0.006187161639597834
0 0.40732249548422955 0.5983758700696056 0.02320411282478811 0.019644238205723124
0 0.36133111018479924 0.565661252900232 0.014033625121578438 0.017633410672853827
0 0.3524385160483535 0.5648105181747873 0.010421008753647354 0.01160092807424594
0 0.3354870084757538 0.5728538283062645 0.01736834792274559 0.01747873163186388
3 0.5662081422815062 0.4590873936581593 0.03167986661108796 0.028460943542150036
3 0.6094205919132972 0.4887857695282289 0.032513547311379745 0.026914153132250578
3 0.638043629289982 0.5080433101314772 0.02000833680700292 0.019334880123743233
3 0.6604140614144783 0.5233565351894818 0.027789356676392943 0.026759474091260633
3 0.6547172432958177 0.5476411446249033 0.027511463109629014 0.03573085846867749
3 0.3496595803807142 0.4936581593194122 0.058496595803807144 0.0843000773395205
1 0.5979574822842851 0.5939675174013921 0.045713491732666395 0.04083526682134571
1 0.5737807419758233 0.6116782675947409 0.06599972210643325 0.057385924207269914
