4 0.8444138965258686 0.46425 0.032741814546363414 0.05283333333333333
0 0.5928517870532367 0.565 0.018995251187203202 0.01633333333333333
0 0.5791052236940766 0.5190833333333333 0.015496125968507874 0.008833333333333334
0 0.5553611597100725 0.513 0.012996750812296927 0.006
0 0.5466133466633342 0.5111666666666667 0.007998000499875032 0.004333333333333333
0 0.7209447638090478 0.5431666666666667 0.013246688327918022 0.027
0 0.7165708572856786 0.6085833333333334 0.023994001499625096 0.010166666666666666
0 0.7233191702074482 0.6183333333333333 0.013496625843539117 0.009333333333333332
0 0.7498125468632842 0.6315833333333333 0.017495626093476633 0.017499999999999998
3 0.3830292426893277 0.45325 0.022744313921519623 0.035166666666666666
3 0.38577855536115974 0.3923333333333333 0.016745813546613347 0.03866666666666667
3 0.38690327418145465 0.35216666666666663 0.018495376155961012 0.020666666666666667
3 0.3882779305173707 0.32075 0.025243689077730568 0.028833333333333332
3 0.42739315171207204 0.3135 0.050487378155461136 0.018666666666666665
3 0.6263434141464634 0.6595 0.13046738315421147 0.031
1 0.54336415896026 0.3475 0.03199200199950013 0.051
1 0.5898525368657836 0.36316666666666664 0.04148962759310173 0.07566666666666666
