4 0.5356666666666666 0.8445 0.05266666666666667 0.0325
0 0.4349166666666667 0.592875 0.016166666666666666 0.01875
0 0.48083333333333333 0.579125 0.008666666666666666 0.01525
0 0.48691666666666666 0.5553750000000001 0.005833333333333333 0.012750000000000001
0 0.48874999999999996 0.546625 0.004166666666666667 0.00775
0 0.45675 0.721 0.026833333333333334 0.013000000000000001
0 0.3913333333333333 0.7166250000000001 0.01 0.02375
0 0.38158333333333333 0.723375 0.009166666666666667 0.01325
0 0.36833333333333335 0.7498750000000001 0.017333333333333333 0.01725
3 0.5466666666666666 0.383 0.034999999999999996 0.0225
3 0.6075833333333334 0.38575 0.0385 0.0165
3 0.6477499999999999 0.386875 0.0205 0.01825
3 0.6791666666666667 0.38825 0.028666666666666667 0.025
3 0.6865 0.427375 0.018666666666666665 0.05025
3 0.34041666666666665 0.626375 0.03083333333333333 0.13025
1 0.6524166666666666 0.543375 0.050833333333333335 0.03175
1 0.6368333333333334 0.589875 0.07533333333333334 0.04125
