0 0.5384187856051132 0.6933488012374323 0.06335973322217592 0.07192575406032482
0 0.47436431846602756 0.6822892498066512 0.04474086424899264 0.043928847641144624
0 0.4353202723356955 0.6595514307811291 0.04085035431429763 0.04176334106728538
0 0.3142281506183132 0.5552204176334107 0.04738085313324997 0.05181747873163186
0 0.1433930804501876 0.4876256767208043 0.07614283729331667 0.08337200309358081
0 0.0897596220647492 0.4231245166279969 0.05418924551896624 0.05986078886310905
0 0.21251910518271505 0.22443928847641142 0.044046130332082815 0.04733178654292343
0 0.32068917604557456 0.5009280742459397 0.05279977768514659 0.05429234338747099
0 0.3261775739891622 0.4051044083526682 0.08489648464638044 0.1048723897911833
0 0.4083645963595943 0.5343387470997679 0.15423092955398085 0.1430781129156999
0 0.5427956092816452 0.605800464037123 0.07433652910935112 0.07563805104408353
0 0.5744754758927332 0.534184068058778 0.03320828122828957 0.03944315545243619
0 0.3848131165763513 0.41384377416860013 0.11046269278866196 0.151430781129157
0 0.46053911351952204 0.43952049497293116 0.13797415589829096 0.1585460170146945
0 0.5446019174656107 0.4546017014694509 0.09045435598165903 0.10641918020108275
0 0.6071974433791858 0.46890951276102083 0.07558705015978881 0.08213457076566125
0 0.35889954147561487 0.35042536736272234 0.061136584688064474 0.06481051817478731
0 0.7355147978324302 0.648414539829853 0.08962067528136725 0.10610982211910286
0 0.713074892316243 0.5758700696055684 0.07614283729331667 0.10054137664346481
0 0.8014450465471725 0.5696055684454756 0.11532583020703072 0.11028615622583139
0 0.8365985827428096 0.6241299303944315 0.11838265944143395 0.1305491105955143
