0 0.6440593234460924 0.7359410147463135 0.05432427928678554 0.08722819295176207
0 0.5715714047658724 0.7779305173706574 0.04565905682386269 0.0427393151712072
0 0.5188301949675055 0.7814296425893528 0.04015997333777704 0.043239190202449394
0 0.3367772037993668 0.7443139215196202 0.042659556740543246 0.05998500374906274
0 0.12297950341609733 0.8032991752061985 0.0683219463422763 0.09647588102974257
0 0.032577903682719546 0.7613096725818546 0.0481586402266289 0.06998250437390653
0 0.05299116813864356 0.37278180454886284 0.04065989001833028 0.05323669082729318
0 0.31436427262122985 0.6625843539115222 0.05115814030994834 0.0569857535616096
0 0.26837193801033166 0.5234941264683829 0.06315614064322614 0.14121469632591854
0 0.42342942842859527 0.6303424143964009 0.16630561573071156 0.12296925768557862
0 0.6013997667055491 0.6094726318420396 0.0729878353607732 0.07823044238940266
0 0.5958173637727046 0.4806298425393652 0.02649558406932178 0.05098725318670333
0 0.33394434260956507 0.4830042489377656 0.06632227962006333 0.22519370157460636
0 0.42634560906515584 0.4507623094226444 0.1158140309948342 0.19570107473131718
0 0.5218296950508249 0.39627593101724573 0.07348775204132645 0.13521619595101225
0 0.5945675720713215 0.3599100224943764 0.0683219463422763 0.09397650587353162
0 0.2728711881353108 0.4173956510872282 0.05715714047658724 0.0714821294676331
0 0.8246125645725713 0.49587603099225197 0.07182136310614898 0.13596600849787555
0 0.7622896183969339 0.4145213696575856 0.050158306948841866 0.14421394651337166
0 0.8506082319613398 0.3261684578855286 0.12081319780036662 0.10097475631092227
0 0.9164305949008499 0.3709072731817046 0.1051491418096984 0.1524618845288678
