0 0.6695845491176879 0.5595514307811291 0.06335973322217592 0.07192575406032482
0 0.6290120883701543 0.6157772621809744 0.04474086424899264 0.043928847641144624
0 0.5918438238154787 0.6420726991492652 0.04098930109767959 0.04176334106728538
0 0.4501181047658747 0.7066511987625677 0.04738085313324997 0.05181747873163186
0 0.3120744754758928 0.8375096674400618 0.07614283729331667 0.08337200309358081
0 0.2350979574822843 0.856999226604795 0.05418924551896624 0.05986078886310905
0 0.14193413922467696 0.6392884764114463 0.044046130332082815 0.04733178654292343
0 0.4111435320272336 0.6732405259087393 0.05279977768514659 0.05429234338747099
0 0.33930804501875783 0.6200309358081979 0.08475753786299847 0.10502706883217323
0 0.4808948172849799 0.6053364269141531 0.15423092955398085 0.1430781129156999
0 0.6036543004029458 0.511600928074246 0.07433652910935112 0.07563805104408353
0 0.5639155203557038 0.44516627996906416 0.03320828122828957 0.03959783449342614
0 0.37543420869806865 0.5679040989945862 0.11032374600527999 0.151430781129157
0 0.433166597193275 0.5077339520494972 0.13797415589829096 0.1585460170146945
0 0.48693900236209536 0.434184068058778 0.09045435598165903 0.10641918020108275
0 0.5293872446852855 0.3810518174787316 0.07558705015978881 0.08213457076566125
0 0.3130471029595665 0.5610982211910286 0.061136584688064474 0.06481051817478731
0 0.7332916492983188 0.3470997679814385 0.08962067528136725 0.10610982211910286
0 0.665624565791302 0.33240525908739366 0.07628178407669862 0.10054137664346481
0 0.704877032096707 0.24408352668213457 0.11532583020703072 0.11013147718484145
0 0.7649020425177158 0.2374323279195669 0.11838265944143395 0.1305491105955143
