0 0.7359410147463135 0.35577403766038995 0.08722819295176207 0.05432427928678554
0 0.7779305173706574 0.42826195634060993 0.0427393151712072 0.04565905682386269
0 0.7814296425893528 0.48100316613897687 0.043239190202449394 0.04015997333777704
0 0.7443139215196202 0.6630561573071155 0.05998500374906274 0.042659556740543246
0 0.8032991752061985 0.876853857690385 0.09647588102974257 0.0683219463422763
0 0.7613096725818546 0.9672554574237627 0.06998250437390653 0.0481586402266289
0 0.37278180454886284 0.9468421929678388 0.05323669082729318 0.04065989001833028
0 0.6625843539115222 0.6854690884852526 0.0569857535616096 0.05115814030994834
0 0.5234941264683829 0.7314614230961507 0.14121469632591854 0.06315614064322614
0 0.6303424143964009 0.576403932677887 0.12296925768557862 0.16630561573071156
0 0.6094726318420396 0.39843359440093323 0.07823044238940266 0.0729878353607732
0 0.4806298425393652 0.40401599733377774 0.05098725318670333 0.02649558406932178
0 0.4830042489377656 0.6658890184969173 0.22519370157460636 0.06632227962006333
0 0.4507623094226444 0.5734877520413265 0.19570107473131718 0.1158140309948342
0 0.39627593101724573 0.4780036660556574 0.13521619595101225 0.07348775204132645
0 0.3599100224943764 0.40526578903516086 0.09397650587353162 0.0683219463422763
0 0.4173956510872282 0.7269621729711715 0.0714821294676331 0.05715714047658724
0 0.49587603099225197 0.17522079653391104 0.13596600849787555 0.07182136310614898
0 0.4145213696575856 0.23754374270954842 0.14421394651337166 0.050158306948841866
0 0.3261684578855286 0.1492251291451425 0.10097475631092227 0.12081319780036662
0 0.3709072731817046 0.0834027662056324 0.1524618845288678 0.1051491418096984
