0 0.3302765040989301 0.4402938901778809 0.06335973322217592 0.07192575406032482
0 0.37084896484646385 0.3841453982985305 0.04474086424899264 0.04408352668213457
0 0.4080172294011394 0.3577726218097448 0.04098930109767959 0.04176334106728538
0 0.5498124218424344 0.29319412219644236 0.04751979991663193 0.05181747873163186
0 0.6877865777407254 0.1623356535189482 0.07614283729331667 0.08337200309358081
0 0.7647630957343338 0.14292343387470996 0.05418924551896624 0.0597061098221191
0 0.8579269139919412 0.36055684454756376 0.044046130332082815 0.04733178654292343
0 0.5887869945810755 0.3266047950502707 0.05266083090176463 0.05429234338747099
0 0.6606224815895513 0.37981438515081206 0.08489648464638044 0.10502706883217323
0 0.5189662359316383 0.3945088940448569 0.15423092955398085 0.1430781129156999
0 0.3962067528136724 0.48824439288476407 0.07433652910935112 0.07563805104408353
0 0.4359455328609143 0.5546790409899458 0.03320828122828957 0.03959783449342614
0 0.6244268445185495 0.4319412219644238 0.11032374600527999 0.151430781129157
0 0.5666944560233431 0.49211136890951274 0.13797415589829096 0.1585460170146945
0 0.5129220508545228 0.565661252900232 0.09045435598165903 0.10641918020108275
0 0.4705432819230235 0.6188708430007733 0.07544810337640684 0.08197989172467131
0 0.6868139502570516 0.43874709976798143 0.061136584688064474 0.06481051817478731
0 0.2665694039182993 0.6527455529775715 0.08962067528136725 0.10610982211910286
0 0.33423648742531614 0.6674400618716163 0.07628178407669862 0.10054137664346481
0 0.2949840211199111 0.7557617942768754 0.11532583020703072 0.11013147718484145
0 0.23495901069890235 0.7624129930394431 0.11838265944143395 0.1305491105955143
