0 0.4614422676115048 0.3064965197215777 0.06335973322217592 0.07192575406032482
0 0.5254967347505906 0.31755607115235884 0.04474086424899264 0.043928847641144624
0 0.5645407808809226 0.34029389017788086 0.04085035431429763 0.04176334106728538
0 0.6856329025983049 0.44462490332559934 0.04738085313324997 0.05181747873163186
0 0.8565374461581216 0.5122196442382057 0.0760038905099347 0.08337200309358081
0 0.9101014311518689 0.5767208043310131 0.05418924551896624 0.05986078886310905
0 0.7873419480339031 0.7754060324825985 0.044046130332082815 0.04733178654292343
0 0.6791718771710435 0.49891724671307036 0.05279977768514659 0.05429234338747099
0 0.673683479227456 0.5947409126063418 0.08489648464638044 0.1048723897911833
0 0.5914964568570238 0.46550657385924205 0.15423092955398085 0.1430781129156999
0 0.45713491732666395 0.39412219644238206 0.07419758232596917 0.07579273008507346
0 0.425385577323885 0.46566125290023197 0.03320828122828957 0.03944315545243619
0 0.6150479366402668 0.5860015467904098 0.11046269278866196 0.151430781129157
0 0.5393219396970961 0.5603248259860789 0.13797415589829096 0.1585460170146945
0 0.4552591357510074 0.5452436194895591 0.09045435598165903 0.10641918020108275
0 0.39273308322912326 0.5310131477184841 0.07544810337640684 0.08197989172467131
0 0.6409615117410032 0.6494199535962877 0.061136584688064474 0.06481051817478731
0 0.2643462553841879 0.351430781129157 0.08962067528136725 0.10610982211910286
0 0.2867861609003752 0.4239752513534416 0.07614283729331667 0.10054137664346481
0 0.19841600666944562 0.43031709203402935 0.11532583020703072 0.11013147718484145
0 0.16326247047380854 0.3757153905645785 0.11838265944143395 0.1305491105955143
