0 0.2638090477380655 0.6441666666666667 0.08722819295176207 0.05433333333333333
0 0.2218195451137216 0.5716666666666667 0.0427393151712072 0.04566666666666667
0 0.21832041989502626 0.5189166666666667 0.043239190202449394 0.04016666666666666
0 0.2554361409647588 0.3368333333333333 0.05998500374906274 0.042666666666666665
0 0.19645088727818047 0.123 0.09647588102974257 0.06833333333333333
0 0.2384403899025244 0.03258333333333333 0.06998250437390653 0.04816666666666666
0 0.6269682579355161 0.053 0.05323669082729318 0.04066666666666666
0 0.33729067733066737 0.3144166666666667 0.0572356910772307 0.051166666666666666
0 0.47625593601599603 0.26841666666666664 0.14121469632591854 0.06316666666666666
0 0.36940764808797805 0.4235 0.12296925768557862 0.16633333333333333
0 0.39027743064233944 0.6015 0.07823044238940266 0.073
0 0.5191202199450138 0.5959166666666667 0.05098725318670333 0.0265
0 0.5167458135466134 0.33399999999999996 0.22519370157460636 0.06633333333333333
0 0.5489877530617346 0.42641666666666667 0.19570107473131718 0.11583333333333333
0 0.6034741314671332 0.5219166666666667 0.13521619595101225 0.0735
0 0.6398400399900026 0.5946666666666667 0.09397650587353162 0.06833333333333333
0 0.5823544113971507 0.27291666666666664 0.0714821294676331 0.057166666666666664
0 0.5038740314921271 0.82475 0.13596600849787555 0.07183333333333333
0 0.5852286928267934 0.7624166666666666 0.14421394651337166 0.050166666666666665
0 0.6735816045988503 0.85075 0.10097475631092227 0.12083333333333333
0 0.6288427893026743 0.9165833333333333 0.1524618845288678 0.10516666666666666
