0 0.35575 0.26375 0.05416666666666666 0.08700000000000001
0 0.42824999999999996 0.22175 0.0455 0.0425
0 0.481 0.21825 0.04 0.043000000000000003
0 0.6630833333333334 0.255375 0.042499999999999996 0.059750000000000004
0 0.8769166666666667 0.196375 0.06816666666666667 0.09625
0 0.9673333333333333 0.238375 0.048 0.06975
0 0.9469166666666666 0.627 0.0405 0.053
0 0.6855 0.33725 0.051 0.057
0 0.7314999999999999 0.47625 0.063 0.14100000000000001
0 0.5764166666666667 0.369375 0.16616666666666666 0.12275
0 0.39841666666666664 0.39025 0.07283333333333333 0.078
0 0.40399999999999997 0.5191250000000001 0.026333333333333334 0.05075
0 0.6659166666666666 0.51675 0.06616666666666667 0.225
0 0.5735 0.549 0.11566666666666667 0.1955
0 0.478 0.6035 0.07333333333333333 0.135
0 0.40525 0.639875 0.06816666666666667 0.09375
0 0.727 0.582375 0.056999999999999995 0.07125000000000001
0 0.17516666666666666 0.503875 0.07166666666666667 0.13575
0 0.2375 0.58525 0.049999999999999996 0.14400000000000002
0 0.14916666666666667 0.673625 0.12066666666666666 0.10075
0 0.08333333333333333 0.628875 0.105 0.15225
