0 0.4066972349590107 0.35924207269914926 0.03695984437960262 0.04346481051817479
0 0.40739196887592055 0.32126836813611753 0.027511463109629014 0.029698375870069606
0 0.41267194664443524 0.29922660479505025 0.017229401139363627 0.016241299303944315
0 0.40308461859107964 0.2674400618716164 0.02890093094344866 0.027532869296210363
0 0.4658190912880367 0.49211136890951274 0.18410448798110327 0.13936581593194122
0 0.40621092121717384 0.41198762567672076 0.056273447269695714 0.056457849961330235
0 0.4259413644574129 0.6298530549110595 0.029873558427122415 0.035885537509667435
0 0.47387800472419067 0.5778808971384377 0.026816729192719192 0.02938901778808971
0 0.326872307906072 0.5776488785769528 0.06099763790468251 0.0651198762567672
0 0.3522995692649715 0.5236658932714617 0.02765040989301098 0.033874709976798145
2 0.634083645963596 0.6932714617169373 0.09239961094900653 0.08600154679040989
2 0.7526052521884119 0.7765661252900231 0.04988189523412533 0.05336426914153132
0 0.598652216201195 0.7831399845320959 0.024037793525079898 0.02722351121423047
0 0.5862859524802001 0.768368136117556 0.018202028623037377 0.02119102861562258
0 0.5712102264832569 0.7464037122969838 0.028623037376684732 0.030781129156999223
0 0.6531888286786162 0.8642691415313225 0.021675698207586497 0.02459396751740139
0 0.6347089064888148 0.8466357308584687 0.04223982214811727 0.048723897911832945
0 0.6867444768653607 0.9138437741686001 0.030429345560650273 0.03186388244392885
3 0.6838960678060303 0.9105955143078113 0.010837849103793248 0.012374323279195668
0 0.5521745171599278 0.8292343387470997 0.01445046547172433 0.017633410672853827
0 0.657843545921912 0.5817478731631863 0.021536751424204532 0.02010827532869296
0 0.62658051966097 0.594354215003867 0.04460191746561067 0.03789636504253673
