0 0.3272787868688552 0.38690327418145465 0.02999500083319447 0.05498625343664085
0 0.30761539743376104 0.3331667083229193 0.024995834027662058 0.033991502124468886
0 0.3011164805865689 0.29742564358910273 0.017997000499916684 0.014996250937265684
0 0.2741209798366939 0.26155961009747564 0.030328278620229965 0.025243689077730568
0 0.46025662389601735 0.5197450637340665 0.2322946175637394 0.058735316170957265
0 0.35519080153307786 0.4611347163209198 0.05582402932844526 0.0569857535616096
0 0.49300116647225467 0.7483129217695577 0.023496083986002336 0.046488377905523626
0 0.5149141809698384 0.6324668832791802 0.02432927845359107 0.03374156460884779
0 0.3620229961673055 0.7643089227693077 0.05649058490251625 0.07298175456135966
0 0.3594400933177804 0.6659585103724069 0.020996500583236127 0.045238690327418146
2 0.7433761039826696 0.6498375406148463 0.09931678053657725 0.07448137965508624
2 0.9113481086485586 0.6597100724818796 0.04665889018496917 0.05923519120219946
0 0.7550408265289119 0.8074231442139466 0.020996500583236127 0.032741814546363414
0 0.7341276453924347 0.797925518620345 0.015164139310114982 0.026243439140214948
0 0.7067155474087653 0.7806798300424894 0.026328945175804034 0.03424143964008998
0 0.8553574404265957 0.871907023244189 0.01866355607398767 0.029742564358910276
0 0.8266122312947842 0.863909022744314 0.035160806532244626 0.060734816295926024
0 0.9169305115814032 0.9111472131967009 0.02882852857857024 0.03424143964008998
3 0.9120979836693885 0.9091477130717321 0.009498416930511582 0.01474631342164459
0 0.7315447425429096 0.9137715571107224 0.010998166972171305 0.023494126468382906
0 0.7080486585569072 0.4725068732816796 0.022996167305449094 0.017745563609097726
0 0.6823029495084153 0.5181204698825294 0.051824695884019334 0.025993501624593855
