0 0.3438932888703627 0.5194895591647332 0.03695984437960262 0.04346481051817479
0 0.3147144643601501 0.49984532095901 0.027511463109629014 0.029543696829079657
0 0.30019452549673475 0.4836813611755607 0.01709045435598166 0.01639597834493426
0 0.2706683340280673 0.477030162412993 0.02890093094344866 0.027532869296210363
0 0.47679588717521193 0.5289249806651198 0.18410448798110327 0.13936581593194122
0 0.3846741697929693 0.5463263727764888 0.056273447269695714 0.05661252900232018
0 0.5640544671390858 0.6362722351121423 0.029873558427122415 0.03573085846867749
0 0.547589273308323 0.5641144624903325 0.026955675976101157 0.02938901778808971
0 0.47387800472419067 0.705645784996133 0.06099763790468251 0.06527455529775715
0 0.4446991802139781 0.6540603248259861 0.02765040989301098 0.033874709976798145
2 0.7174517159927748 0.46728538283062643 0.09239961094900653 0.08600154679040989
2 0.8414617201611784 0.3946635730858468 0.0500208420175073 0.05336426914153132
0 0.7696262331527026 0.5463263727764888 0.024176740308461862 0.02722351121423047
0 0.7519105182715021 0.5509667440061872 0.018202028623037377 0.021036349574632636
0 0.7273169376128943 0.5545243619489559 0.028484090593302768 0.030626450116009278
0 0.8599416423509797 0.534416086620263 0.021675698207586497 0.024439288476411445
0 0.8370154230929555 0.5433874709976798 0.04223982214811727 0.04887857695282289
0 0.9153119355286926 0.5268368136117556 0.030429345560650273 0.03186388244392885
3 0.9113519522023066 0.5279969064191802 0.010837849103793248 0.012219644238205723
0 0.7822703904404613 0.614230471771075 0.01445046547172433 0.017633410672853827
0 0.6425593997498958 0.3887084300077339 0.021536751424204532 0.02010827532869296
0 0.6367236348478533 0.4251353441608662 0.04460191746561067 0.03789636504253673
