0 0.38690327418145465 0.6725545742376271 0.05498625343664085 0.02999500083319447
0 0.3331667083229193 0.6922179636727213 0.033991502124468886 0.024995834027662058
0 0.29742564358910273 0.6987168805199134 0.014996250937265684 0.017997000499916684
0 0.26155961009747564 0.7257123812697884 0.025243689077730568 0.030328278620229965
0 0.5197450637340665 0.539576737210465 0.058735316170957265 0.2322946175637394
0 0.4611347163209198 0.6446425595734044 0.0569857535616096 0.05582402932844526
0 0.7483129217695577 0.5068321946342277 0.046488377905523626 0.023496083986002336
0 0.6324668832791802 0.4849191801366439 0.03374156460884779 0.02432927845359107
0 0.7643089227693077 0.6378103649391769 0.07298175456135966 0.05649058490251625
0 0.6659585103724069 0.640393267788702 0.045238690327418146 0.020996500583236127
2 0.6498375406148463 0.25645725712381273 0.07448137965508624 0.09931678053657725
2 0.6597100724818796 0.08848525245792369 0.05923519120219946 0.04665889018496917
0 0.8074231442139466 0.24479253457757041 0.032741814546363414 0.020996500583236127
0 0.797925518620345 0.26570571571404766 0.026243439140214948 0.015164139310114982
0 0.7806798300424894 0.29311781369771706 0.03424143964008998 0.026328945175804034
0 0.871907023244189 0.1444759206798867 0.029742564358910276 0.01866355607398767
0 0.863909022744314 0.17322112981169807 0.060734816295926024 0.035160806532244626
0 0.9111472131967009 0.08290284952507916 0.03424143964008998 0.02882852857857024
3 0.9091477130717321 0.08773537743709382 0.01474631342164459 0.009498416930511582
0 0.9137715571107224 0.2682886185635728 0.023494126468382906 0.010998166972171305
0 0.4725068732816796 0.2917847025495751 0.017745563609097726 0.022996167305449094
0 0.5181204698825294 0.317530411598067 0.025993501624593855 0.051824695884019334
