0 0.6559677643462555 0.48035576179427686 0.03695984437960262 0.04346481051817479
0 0.6851465888564681 0.5000773395204949 0.027511463109629014 0.029698375870069606
0 0.6997360011115743 0.5161639597834493 0.017229401139363627 0.01639597834493426
0 0.7292621925802418 0.522815158546017 0.028761984160066697 0.027532869296210363
0 0.5230651660414062 0.4709203402938901 0.18410448798110327 0.13936581593194122
0 0.6151868834236488 0.45359628770301624 0.056273447269695714 0.056457849961330235
0 0.4359455328609143 0.3636504253673627 0.029873558427122415 0.035885537509667435
0 0.45227177990829515 0.4358081979891724 0.026955675976101157 0.029234338747099766
0 0.5259830484924275 0.294199535962877 0.06099763790468251 0.06527455529775715
0 0.555231346394331 0.34578499613302394 0.027789356676392943 0.033874709976798145
2 0.2824093372238433 0.5325599381283835 0.09239961094900653 0.08600154679040989
2 0.15839933305543977 0.6052590873936581 0.0500208420175073 0.053209590100541375
0 0.23023482006391555 0.45351894818252125 0.024176740308461862 0.02722351121423047
0 0.24795053494511604 0.44887857695282285 0.018202028623037377 0.021036349574632636
0 0.27261358899541477 0.4453982985305491 0.028623037376684732 0.030781129156999223
0 0.13991941086563847 0.46542923433874706 0.021675698207586497 0.024439288476411445
0 0.16284563012366265 0.4564578499613302 0.04223982214811727 0.04887857695282289
0 0.08454911768792553 0.4730085073472544 0.030429345560650273 0.03186388244392885
3 0.08850910101431153 0.4719257540603248 0.010837849103793248 0.012374323279195668
0 0.21759066277615674 0.38561484918793504 0.01445046547172433 0.017633410672853827
0 0.35730165346672227 0.611214230471771 0.021536751424204532 0.020262954369682906
0 0.3631374183687648 0.5747873163186388 0.04460191746561067 0.03774168600154679
