0 0.5931638182576073 0.6406032482598607 0.03695984437960262 0.04346481051817479
0 0.5924690843406976 0.6785769528228924 0.027511463109629014 0.029698375870069606
0 0.5872585799638739 0.7006187161639598 0.01709045435598166 0.016241299303944315
0 0.5967764346255384 0.7324052590873936 0.02890093094344866 0.027532869296210363
0 0.5340419619285814 0.5077339520494972 0.18410448798110327 0.13936581593194122
0 0.5936501319994443 0.5878576952822893 0.056273447269695714 0.056457849961330235
0 0.5739196887592053 0.3700696055684455 0.029873558427122415 0.03573085846867749
0 0.5259830484924275 0.4219644238205723 0.026816729192719192 0.02938901778808971
0 0.6729887453105461 0.4221964423820572 0.06099763790468251 0.0651198762567672
0 0.6475614839516466 0.4761794276875483 0.02765040989301098 0.033874709976798145
2 0.3657774072530221 0.3065738592420727 0.09239961094900653 0.08600154679040989
2 0.2473252744198972 0.22335653518948181 0.0500208420175073 0.053209590100541375
0 0.40120883701542315 0.21670533642691414 0.024037793525079898 0.02722351121423047
0 0.413575100736418 0.23147718484145396 0.018202028623037377 0.02119102861562258
0 0.42865082673336113 0.25351894818252124 0.028623037376684732 0.030626450116009278
0 0.34667222453800195 0.13557617942768754 0.021675698207586497 0.02459396751740139
0 0.3652216201194943 0.15320959010054136 0.04210087536473531 0.048723897911832945
0 0.3131165763512575 0.08600154679040989 0.030429345560650273 0.03186388244392885
3 0.31610393219396976 0.08932714617169372 0.010837849103793248 0.012219644238205723
0 0.44768653605669034 0.1706109822119103 0.01445046547172433 0.017633410672853827
0 0.34201750729470615 0.41809744779582364 0.021536751424204532 0.02010827532869296
0 0.3732805335556482 0.40549110595514304 0.04460191746561067 0.03789636504253673
