0 0.6128467883029243 0.3273333333333333 0.05498625343664085 0.03
0 0.6667083229192703 0.30766666666666664 0.03374156460884779 0.024999999999999998
0 0.7023244188952762 0.30116666666666664 0.014996250937265684 0.018
0 0.7381904523869033 0.27416666666666667 0.025243689077730568 0.030333333333333334
0 0.48000499875031244 0.4603333333333333 0.058735316170957265 0.23233333333333334
0 0.5386153461634592 0.35525 0.0569857535616096 0.05583333333333333
0 0.2514371407148213 0.4930833333333333 0.046488377905523626 0.0235
0 0.3672831792051987 0.515 0.03374156460884779 0.024333333333333332
0 0.23544113971507125 0.3620833333333333 0.07298175456135966 0.056499999999999995
0 0.33379155211197203 0.3595 0.045238690327418146 0.020999999999999998
2 0.34991252186953264 0.7434999999999999 0.07448137965508624 0.09933333333333333
2 0.3400399900024994 0.9115 0.05923519120219946 0.04666666666666666
0 0.1923269182704324 0.7551666666666667 0.032741814546363414 0.020999999999999998
0 0.201824543864034 0.73425 0.026243439140214948 0.015166666666666667
0 0.21907023244188956 0.7068333333333333 0.03424143964008998 0.026333333333333334
0 0.12784303924018997 0.8554999999999999 0.029742564358910276 0.018666666666666665
0 0.135841039740065 0.82675 0.060734816295926024 0.035166666666666666
0 0.08860284928767809 0.9170833333333333 0.03424143964008998 0.028833333333333332
3 0.09060234941264685 0.91225 0.01474631342164459 0.0095
0 0.08597850537365659 0.7316666666666667 0.023494126468382906 0.011
0 0.5272431892026994 0.7081666666666666 0.017745563609097726 0.023
0 0.48162959260184957 0.6824166666666667 0.025993501624593855 0.05183333333333333
