0 0.6725833333333333 0.6128750000000001 0.029833333333333333 0.05475
0 0.69225 0.6667500000000001 0.024833333333333332 0.0335
0 0.69875 0.702375 0.017833333333333333 0.014750000000000001
0 0.72575 0.73825 0.030166666666666665 0.025
0 0.5395833333333333 0.48 0.23216666666666666 0.0585
0 0.6446666666666666 0.538625 0.05566666666666666 0.05675
0 0.5068333333333334 0.251375 0.02333333333333333 0.04625
0 0.48491666666666666 0.36725 0.024166666666666666 0.0335
0 0.6378333333333334 0.235375 0.05633333333333333 0.07275
0 0.6404166666666666 0.33375 0.020833333333333332 0.045
2 0.2564166666666667 0.349875 0.09916666666666667 0.07425
2 0.08841666666666666 0.34 0.0465 0.059000000000000004
0 0.24475 0.19225 0.020833333333333332 0.0325
0 0.26566666666666666 0.20175 0.015 0.026000000000000002
0 0.2930833333333333 0.219 0.026166666666666664 0.034
0 0.14441666666666667 0.12775 0.0185 0.029500000000000002
0 0.17316666666666666 0.13575 0.034999999999999996 0.0605
0 0.08283333333333333 0.0885 0.028666666666666667 0.034
3 0.08766666666666667 0.0905 0.009333333333333332 0.0145
0 0.26825 0.085875 0.010833333333333334 0.02325
0 0.29175 0.52725 0.022833333333333334 0.0175
0 0.3175 0.481625 0.051666666666666666 0.025750000000000002
