0 0.7425316103932195 0.5780355761794277 0.16784771432541337 0.1500386697602475
0 0.5798944004446298 0.5483372003093581 0.08017229401139364 0.09961330239752512
0 0.5050715575934418 0.6291569992266047 0.11087953313880784 0.10533642691415313
0 0.36605530081978604 0.568290796597061 0.10268167291927192 0.10208816705336426
0 0.4630401556203974 0.3164733178654292 0.0873975267472558 0.08692962103634957
0 0.37286369320550233 0.24818252126836812 0.1296373488953731 0.10719257540603248
0 0.3825204946505489 0.3887084300077339 0.07086285952480201 0.07548337200309357
0 0.30554397665694044 0.38352668213457075 0.07419758232596917 0.07347254447022428
0 0.13811310268167293 0.3477184841453983 0.06641656245657913 0.08600154679040989
0 0.3484785327219675 0.6869296210363496 0.14394886758371545 0.11167826759474091
0 0.2456579130193136 0.6383604021655065 0.07947756009448383 0.08321732405259087
