0 0.7939510081653058 0.39102724318920273 0.18713547742042994 0.11772056985753562
0 0.6090651558073655 0.4956260934766309 0.059323446092317954 0.134466383404149
0 0.5748208631894685 0.6760809797550613 0.11681386435594068 0.0954761309672582
0 0.39768371938010333 0.7159460134966259 0.10314947508748543 0.10122469382654337
0 0.3628561906348942 0.27630592351912026 0.0878186968838527 0.08622844288927768
0 0.23221129811698052 0.2619345163709073 0.15380769871688052 0.06698325418645339
0 0.31803032827862027 0.44988752811797056 0.06615564072654558 0.08347913021744564
0 0.23537743709381773 0.511872031992002 0.07482086318946843 0.07248187953011748
0 0.042159640059990004 0.6123469132716821 0.0453257790368272 0.12146963259185205
0 0.44334277620396606 0.8977755561109724 0.1784702549575071 0.05398650337415647
0 0.3103649391768039 0.9223944013996501 0.07548741876353941 0.0902274431392152
