0 0.6819508128386829 0.30518174787316316 0.16784771432541337 0.1500386697602475
0 0.5775323051271364 0.44702242846094353 0.08017229401139364 0.09961330239752512
0 0.6030290398777269 0.5596287703016241 0.11087953313880784 0.10549110595514308
0 0.48617479505349454 0.6631863882443928 0.10254272613588997 0.10193348801237431
0 0.33875225788523 0.4436968290796597 0.08725857996387384 0.08708430007733951
0 0.24044740864248995 0.49659706109822116 0.1296373488953731 0.10719257540603248
0 0.35466166458246495 0.5574632637277649 0.07100180630818397 0.07548337200309357
0 0.31221342225927473 0.6291569992266047 0.07419758232596917 0.07347254447022428
0 0.20063915520355705 0.7726218097447796 0.06641656245657913 0.08600154679040989
0 0.5696818118660554 0.7395204949729312 0.14394886758371545 0.11167826759474091
0 0.480477976934834 0.814385150812065 0.07947756009448383 0.08321732405259087
