0 0.39102724318920273 0.20596567238793537 0.11772056985753562 0.1873021163139477
0 0.4956260934766309 0.3907682052991168 0.134466383404149 0.059323446092317954
0 0.6760809797550613 0.42501249791701384 0.0954761309672582 0.11681386435594068
0 0.7159460134966259 0.602149641726379 0.10122469382654337 0.10314947508748543
0 0.27630592351912026 0.6369771704715881 0.08622844288927768 0.0878186968838527
0 0.2619345163709073 0.7676220629895019 0.06698325418645339 0.15380769871688052
0 0.44988752811797056 0.681803032827862 0.08347913021744564 0.06615564072654558
0 0.511872031992002 0.7644559240126646 0.07248187953011748 0.07482086318946843
0 0.6123469132716821 0.9576737210464923 0.12146963259185205 0.0453257790368272
0 0.8977755561109724 0.5564905849025162 0.05398650337415647 0.1784702549575071
0 0.9223944013996501 0.6894684219296784 0.0902274431392152 0.07548741876353941
