0 0.3179102403779353 0.6947409126063419 0.16784771432541337 0.14988399071925754
0 0.4223287480894818 0.5528228924980665 0.08017229401139364 0.09961330239752512
0 0.39683201333889123 0.4402165506573859 0.11087953313880784 0.10549110595514308
0 0.5137557315548146 0.33665893271461717 0.10268167291927192 0.10193348801237431
0 0.6611087953313881 0.5561484918793503 0.08725857996387384 0.08708430007733951
0 0.7594136445741282 0.5032482598607888 0.1296373488953731 0.10719257540603248
0 0.6451993886341532 0.44238205723124513 0.07100180630818397 0.07548337200309357
0 0.6876476309573434 0.37068832173240523 0.07419758232596917 0.07347254447022428
0 0.7992218980130611 0.22722351121423046 0.06641656245657913 0.08600154679040989
0 0.4301792413505628 0.26032482598607887 0.14394886758371545 0.11167826759474091
0 0.5193830762817842 0.18546017014694507 0.07947756009448383 0.08321732405259087
