0 0.25746838960678065 0.42180974477958233 0.16784771432541337 0.1500386697602475
0 0.41996665277198836 0.45150812064965196 0.08017229401139364 0.09961330239752512
0 0.4949284424065583 0.37068832173240523 0.11087953313880784 0.10533642691415313
0 0.6338752257885231 0.4315545243619489 0.10254272613588997 0.10208816705336426
0 0.5368208975962206 0.6834493426140757 0.0873975267472558 0.08708430007733951
0 0.6271363067944977 0.7516627996906419 0.1296373488953731 0.10719257540603248
0 0.6174100319577602 0.6111368909512761 0.07100180630818397 0.07548337200309357
0 0.6943170765596777 0.6163186388244393 0.07419758232596917 0.07347254447022428
0 0.8617479505349452 0.6521268368136117 0.06641656245657913 0.08600154679040989
0 0.6514519938863416 0.31291569992266044 0.14380992080033347 0.11167826759474091
0 0.7543420869806865 0.3614849187935035 0.07947756009448383 0.08321732405259087
