0 0.6087228192951762 0.7940833333333333 0.11772056985753562 0.18716666666666665
0 0.5041239690077481 0.6091666666666666 0.134466383404149 0.05933333333333333
0 0.3236690827293177 0.5749166666666666 0.0954761309672582 0.11683333333333333
0 0.2838040489877531 0.39775 0.10122469382654337 0.10316666666666666
0 0.7235691077230693 0.36291666666666667 0.08647838040489879 0.08783333333333333
0 0.7378155461134717 0.23224999999999998 0.06698325418645339 0.15383333333333332
0 0.549987503124219 0.31808333333333333 0.08372906773306674 0.06616666666666667
0 0.48787803049237694 0.23541666666666666 0.07248187953011748 0.07483333333333334
0 0.38740314921269686 0.042166666666666665 0.12146963259185205 0.04533333333333333
0 0.10197450637340666 0.4434166666666666 0.05398650337415647 0.1785
0 0.07735566108472883 0.3104166666666667 0.0902274431392152 0.0755
