0 0.2058333333333333 0.60875 0.187 0.11750000000000001
0 0.39075 0.504125 0.059166666666666666 0.13425
0 0.425 0.323625 0.11666666666666667 0.09525
0 0.6021666666666666 0.28375 0.103 0.101
0 0.637 0.7235 0.08766666666666667 0.08600000000000001
0 0.7676666666666666 0.7378750000000001 0.15366666666666667 0.06675
0 0.6818333333333333 0.55 0.066 0.0835
0 0.7645 0.487875 0.07466666666666666 0.07225
0 0.95775 0.387375 0.04516666666666667 0.12125
0 0.5565 0.10187500000000001 0.17833333333333332 0.05375
0 0.6895 0.07725 0.07533333333333334 0.09
