0 0.23773794636654164 0.46798143851508117 0.1661803529248298 0.15885537509667438
0 0.3862025844101709 0.4899458623356535 0.259969431707656 0.25011600928074246
0 0.5527997776851467 0.47169373549883986 0.09712380158399334 0.10409899458623356
0 0.43136028900930945 0.3959783449342614 0.11602056412394054 0.12064965197215777
0 0.7316242878977353 0.38979118329466356 0.04849242740030569 0.04733178654292343
0 0.578852299569265 0.3419180201082753 0.07475336945949702 0.07749419953596287
0 0.3500764207308601 0.3664346481051817 0.04460191746561067 0.048569218870843
0 0.28449353897457275 0.374323279195669 0.0835070168125608 0.08971384377416859
0 0.08454911768792553 0.4088167053364269 0.053216618035292484 0.0668213457076566
0 0.8381269973600112 0.3882443928847641 0.17979713769626235 0.14354215003866974
