0 0.21038160306615566 0.6909522619345164 0.17413764372604568 0.14571357160709825
0 0.3763539410098317 0.5882279430142465 0.27045492417930345 0.2326918270432392
0 0.539576737210465 0.41277180704823796 0.08965172471254791 0.11672081979505125
0 0.3726878853524413 0.4160209947513122 0.11114814197633728 0.1287178205448638
0 0.6813031161473089 0.13734066483379156 0.049491751374770875 0.04573856535866034
0 0.4966672221296451 0.20769807548112973 0.07182136310614898 0.08247938015496127
0 0.27237127145475754 0.44801299675081235 0.04015997333777704 0.05573606598350413
0 0.20846525579070158 0.5178705323669083 0.07665389101816364 0.10097475631092227
0 0.019496750541576405 0.7460634841289678 0.03866022329611732 0.09097725568607849
0 0.7911181469755041 0.03949012746813297 0.2187968671888019 0.07848037990502375
