0 0.3439627622620537 0.7367362722351121 0.16631929970821177 0.15870069605568446
0 0.4352507989440045 0.6045630317092033 0.259969431707656 0.25011600928074246
0 0.5043768236765319 0.43480278422273777 0.0972627483673753 0.1042536736272235
0 0.3847436431846603 0.51399845320959 0.1161595109073225 0.12064965197215777
0 0.5300819786021954 0.22150038669760247 0.048353480616923725 0.04733178654292343
0 0.41642350979574827 0.3448569218870843 0.07475336945949702 0.07749419953596287
0 0.32117548978741145 0.5777262180974477 0.04460191746561067 0.048569218870843
0 0.29449770737807424 0.6448569218870842 0.0835070168125608 0.08971384377416859
0 0.22141169931916077 0.8548337200309357 0.053216618035292484 0.06666666666666667
0 0.5821870223704322 0.11802010827532869 0.17979713769626235 0.14354215003866974
