0 0.6909522619345164 0.7894517580403266 0.14571357160709825 0.17413764372604568
0 0.5882279430142465 0.6234794200966506 0.2326918270432392 0.27045492417930345
0 0.41277180704823796 0.46025662389601735 0.11672081979505125 0.08965172471254791
0 0.4160209947513122 0.6272287952007999 0.1287178205448638 0.11131478086985504
0 0.13734066483379156 0.3185302449591735 0.04573856535866034 0.049491751374770875
0 0.20769807548112973 0.5031661389768373 0.08247938015496127 0.07182136310614898
0 0.44801299675081235 0.7274620896517248 0.05573606598350413 0.04015997333777704
0 0.5178705323669083 0.7913681053157807 0.10097475631092227 0.07665389101816364
0 0.7460634841289678 0.9804199300116648 0.09097725568607849 0.03882686218963506
0 0.03949012746813297 0.20888185302449594 0.07848037990502375 0.2187968671888019
