0 0.6559677643462555 0.2631863882443929 0.1661803529248298 0.15885537509667438
0 0.5646102542726137 0.39528228924980663 0.259969431707656 0.25011600928074246
0 0.4954842295400862 0.5650425367362722 0.0972627483673753 0.1042536736272235
0 0.6151174100319579 0.48584686774941993 0.1161595109073225 0.12064965197215777
0 0.4697790746144227 0.7783449342614075 0.048353480616923725 0.04733178654292343
0 0.5834375434208698 0.6549883990719257 0.07475336945949702 0.07749419953596287
0 0.6786855634292067 0.42211910286156223 0.04460191746561067 0.048569218870843
0 0.7053633458385439 0.35498839907192575 0.0835070168125608 0.08971384377416859
0 0.7784493538974574 0.14501160092807425 0.053216618035292484 0.06666666666666667
0 0.41767403084618593 0.8818252126836813 0.17979713769626235 0.14354215003866974
