0 0.7621231068500764 0.5318638824439288 0.1661803529248298 0.15885537509667438
0 0.6137279421981382 0.5098994586233565 0.259830484924274 0.25011600928074246
0 0.44706127553147146 0.5282289249806651 0.09712380158399334 0.1042536736272235
0 0.5685702375989996 0.6039443155452436 0.1161595109073225 0.1208043310131477
0 0.2682367653188829 0.6100541376643465 0.04849242740030569 0.04733178654292343
0 0.4210087536473531 0.6580046403712296 0.07475336945949702 0.07764887857695282
0 0.649784632485758 0.6334106728538282 0.04460191746561067 0.048569218870843
0 0.7153675142420454 0.625522041763341 0.0835070168125608 0.08971384377416859
0 0.9153119355286926 0.5910286156225831 0.053216618035292484 0.0668213457076566
0 0.16173405585660694 0.6116009280742459 0.17979713769626235 0.14354215003866974
