0 0.30879780054986256 0.21041666666666667 0.14571357160709825 0.17416666666666666
0 0.4115221194701325 0.3764166666666667 0.2326918270432392 0.2705
0 0.586978255436141 0.5396666666666666 0.11672081979505125 0.08966666666666666
0 0.5837290677330668 0.37274999999999997 0.1287178205448638 0.11116666666666666
0 0.8624093976505874 0.6814166666666667 0.04573856535866034 0.049499999999999995
0 0.7920519870032493 0.49674999999999997 0.08247938015496127 0.07183333333333333
0 0.5517370657335666 0.27241666666666664 0.05573606598350413 0.04016666666666666
0 0.48187953011747064 0.2085 0.10097475631092227 0.07666666666666666
0 0.25381154711322174 0.0195 0.09122719320169959 0.03866666666666667
0 0.9603849037740566 0.79125 0.07873031742064485 0.21883333333333332
