0 0.13144365707933864 0.5898685228151586 0.060858691121300545 0.06635730858468677
0 0.03668195081283868 0.5279195668986852 0.06975128525774629 0.07362722351121423
0 0.15846880644713077 0.46952822892498064 0.06044185077115465 0.0614075792730085
0 0.28192302348200643 0.5115235885537509 0.03334722801167153 0.03836040216550657
0 0.37744893705710714 0.5130703789636504 0.1429762401000417 0.12374323279195669
0 0.456787550368209 0.5439288476411446 0.05266083090176463 0.048723897911832945
0 0.4328192302348201 0.4293116782675947 0.38932888703626517 0.33859242072699147
0 0.6641656245657913 0.5038669760247486 0.10643323607058497 0.10781129156999227
0 0.7189801306099765 0.5351121423047177 0.035431429762401004 0.0391337973704563
0 0.7438516048353482 0.4975251353441608 0.0448798110323746 0.050580046403712296
0 0.704599138529943 0.4419180201082753 0.058913436153953044 0.06527455529775715
0 0.5566902876198416 0.3633410672853828 0.24162845630123664 0.2165506573859242
0 0.7257190496040017 0.3839907192575406 0.08837015423092956 0.09358081979891725
0 0.7762262053633459 0.36751740139211136 0.040155620397387806 0.04021655065738592
0 0.9245518966235933 0.43286929621036346 0.09170487703209672 0.07594740912606342
