0 0.1655557407098817 0.9571357160709824 0.05515747375437428 0.0762309422644339
0 0.03382769538410265 0.9556360909772558 0.06565572404599233 0.0807298175456136
0 0.12889518413597734 0.7645588602849288 0.059490084985835696 0.06298425393651588
0 0.2797867022162973 0.71232191952012 0.027995334110981505 0.047488127968008005
0 0.37977003832694556 0.6284678830292427 0.1636393934344276 0.08922769307673083
0 0.47883686052324614 0.600224943764059 0.056823862689551745 0.04173956510872282
0 0.3921013164472588 0.4613846538365409 0.44392601233127815 0.2474381404648838
0 0.672637893684386 0.3576605848537866 0.1051491418096984 0.11047238190452388
0 0.746375604065989 0.3521619595101225 0.03166138976837194 0.045488627843039246
0 0.7518746875520748 0.2771807048237941 0.03899350108315281 0.06048487878030493
0 0.68121979670055 0.2345663584103974 0.051991334777537083 0.07723069232691827
0 0.48525245792367944 0.2576855786053487 0.26862189635060824 0.171457135716071
0 0.671971338110315 0.13471632091977007 0.08281953007832028 0.10297425643589103
0 0.7155474087652058 0.06610847288177955 0.04032661223129479 0.040239940014996256
0 0.9048491918013665 0.02424393901524619 0.10831528078653559 0.04798800299925019
