0 0.3855773238849521 0.9001546790409899 0.060858691121300545 0.06635730858468677
0 0.2901208837015423 0.9605568445475637 0.06975128525774629 0.07362722351121423
0 0.3056134500486314 0.8139984532095901 0.06044185077115465 0.0614075792730085
0 0.40002778935667643 0.7158546017014694 0.03334722801167153 0.03836040216550657
0 0.448867583715437 0.6245939675174014 0.1429762401000417 0.12374323279195669
0 0.5125746838960679 0.5634957463263728 0.05279977768514659 0.04887857695282289
0 0.4114214255939975 0.5293890177880897 0.38932888703626517 0.33859242072699147
0 0.5851049048214534 0.3435421500386697 0.10643323607058497 0.1079659706109822
0 0.6368625816312353 0.3063418406805878 0.035431429762401004 0.0391337973704563
0 0.6199805474503266 0.2635730858468677 0.045018757815756566 0.05042536736272235
0 0.5571766013616786 0.2735498839907192 0.058913436153953044 0.0654292343387471
0 0.42205085452271784 0.37695282289249804 0.24162845630123664 0.2165506573859242
0 0.5226483256912603 0.2242846094354215 0.08850910101431153 0.09373549883990719
0 0.5350145894122551 0.1674400618716164 0.040155620397387806 0.040061871616395975
0 0.6600666944560234 0.057076566125290024 0.09156593024871475 0.07610208816705336
