0 0.9571357160709824 0.8342776203966006 0.0762309422644339 0.05515747375437428
0 0.9556360909772558 0.9660056657223797 0.0807298175456136 0.06565572404599233
0 0.7645588602849288 0.870938176970505 0.06298425393651588 0.059490084985835696
0 0.71232191952012 0.720046658890185 0.047488127968008005 0.027995334110981505
0 0.6284678830292427 0.6200633227795368 0.08922769307673083 0.1636393934344276
0 0.600224943764059 0.5210798200299951 0.04173956510872282 0.056990501583069494
0 0.4613846538365409 0.6077320446592235 0.2474381404648838 0.44392601233127815
0 0.3576605848537866 0.3271954674220963 0.11047238190452388 0.1051491418096984
0 0.3521619595101225 0.2534577570404933 0.045488627843039246 0.03166138976837194
0 0.2771807048237941 0.24795867355440762 0.06048487878030493 0.03899350108315281
0 0.2345663584103974 0.31861356440593236 0.07723069232691827 0.051991334777537083
0 0.2576855786053487 0.5145809031828029 0.171457135716071 0.26862189635060824
0 0.13471632091977007 0.32786202299616735 0.10297425643589103 0.08281953007832028
0 0.06610847288177955 0.28428595234127646 0.040239940014996256 0.04032661223129479
0 0.02424393901524619 0.09506748875187469 0.04798800299925019 0.10848191968005333
