0 0.614283729331666 0.0996906419180201 0.060858691121300545 0.06635730858468677
0 0.7098096429067667 0.03928847641144625 0.06989023204112825 0.07362722351121423
0 0.6943170765596777 0.18584686774941994 0.06030290398777269 0.0614075792730085
0 0.5998332638599417 0.2839907192575406 0.03334722801167153 0.03836040216550657
0 0.5509934695011811 0.37525135344160865 0.1429762401000417 0.12374323279195669
0 0.48728636932055025 0.43634957463263724 0.05279977768514659 0.04887857695282289
0 0.5885091010143115 0.4705336426914153 0.38918994025288317 0.33843774168600155
0 0.41475614839516467 0.6563031709203403 0.10643323607058497 0.1079659706109822
0 0.36299847158538284 0.6935034802784222 0.035431429762401004 0.0391337973704563
0 0.37988050576629157 0.7362722351121422 0.045018757815756566 0.05042536736272235
0 0.4426844518549396 0.7262954369682908 0.058913436153953044 0.0654292343387471
0 0.5778101986939003 0.6228924980665119 0.24162845630123664 0.2165506573859242
0 0.4772127275253578 0.7755607115235885 0.08850910101431153 0.09373549883990719
0 0.46484646380436295 0.8324825986078885 0.040155620397387806 0.04021655065738592
0 0.3397943587605947 0.942846094354215 0.09156593024871475 0.07594740912606342
