0 0.8684173961372795 0.41005413766434645 0.060858691121300545 0.06620262954369682
0 0.9631791024037795 0.4719257540603248 0.06975128525774629 0.07362722351121423
0 0.8413922467694873 0.5303170920340293 0.06044185077115465 0.0614075792730085
0 0.7179380297346117 0.48832173240525906 0.03334722801167153 0.03836040216550657
0 0.622412116159511 0.4867749419953596 0.1429762401000417 0.12374323279195669
0 0.543073502848409 0.4559164733178654 0.05266083090176463 0.048723897911832945
0 0.567111296373489 0.5706109822119102 0.38918994025288317 0.33843774168600155
0 0.33569542865082674 0.4959783449342614 0.10643323607058497 0.10781129156999227
0 0.28088092260664166 0.4647331786542923 0.035431429762401004 0.0391337973704563
0 0.256078921772961 0.5023975251353441 0.045018757815756566 0.05042536736272235
0 0.295261914686675 0.5580046403712297 0.058913436153953044 0.0654292343387471
0 0.4431707655967765 0.6365042536736272 0.24162845630123664 0.2165506573859242
0 0.27414200361261637 0.6158546017014694 0.08837015423092956 0.09358081979891725
0 0.22363484785327223 0.6324052590873936 0.040155620397387806 0.040061871616395975
0 0.07530915659302488 0.5669760247486465 0.09170487703209672 0.07594740912606342
