0 0.042614346413396655 0.16558333333333333 0.0762309422644339 0.05516666666666666
0 0.04411397150712322 0.03383333333333333 0.0807298175456136 0.06566666666666666
0 0.2353161709572607 0.12891666666666665 0.06323419145213698 0.0595
0 0.28742814296425895 0.2798333333333333 0.047488127968008005 0.028
0 0.37128217945513625 0.3798333333333333 0.08922769307673083 0.16366666666666665
0 0.3995251187203199 0.47891666666666666 0.04173956510872282 0.05683333333333333
0 0.5383654086478381 0.39216666666666666 0.2474381404648838 0.444
0 0.6420894776305924 0.67275 0.11047238190452388 0.10516666666666666
0 0.6475881029742565 0.7464999999999999 0.045488627843039246 0.03166666666666666
0 0.7225693576605849 0.752 0.06048487878030493 0.039
0 0.7651837040739816 0.6813333333333333 0.07723069232691827 0.052
0 0.7420644838790303 0.48533333333333334 0.171457135716071 0.26866666666666666
0 0.8651587103224194 0.6720833333333334 0.10322419395151212 0.08283333333333333
0 0.9336415896025995 0.7156666666666667 0.040239940014996256 0.04033333333333333
0 0.9756310922269433 0.9049999999999999 0.048237940514871284 0.10833333333333332
