0 0.8343333333333333 0.0425 0.055 0.076
0 0.9660833333333333 0.044 0.0655 0.0805
0 0.871 0.235125 0.05933333333333333 0.06275
0 0.7200833333333333 0.287375 0.02783333333333333 0.04725
0 0.6200833333333333 0.37125 0.1635 0.089
0 0.5210833333333333 0.3995 0.05683333333333333 0.0415
0 0.60775 0.538375 0.4438333333333333 0.24725
0 0.32716666666666666 0.6421250000000001 0.105 0.11025
0 0.2534166666666667 0.647625 0.0315 0.04525
0 0.24791666666666665 0.722625 0.03883333333333333 0.06025
0 0.31858333333333333 0.76525 0.05183333333333333 0.077
0 0.5145833333333333 0.742125 0.2685 0.17125
0 0.3278333333333333 0.86525 0.08266666666666667 0.10300000000000001
0 0.28425 0.93375 0.04016666666666666 0.04
0 0.095 0.97575 0.10833333333333332 0.048
