0 0.32937335000694734 0.5433874709976798 0.09184382381547868 0.11167826759474091
0 0.29658190912880367 0.5103634957463263 0.07127969987494791 0.0765661252900232
0 0.2619841600666945 0.44346481051817477 0.07072391274142004 0.07733952049497293
0 0.28060302903987777 0.3565351894818252 0.035153536195637075 0.04021655065738592
0 0.3099902737251633 0.3595514307811291 0.018618868973183274 0.019644238205723124
0 0.2820619702653884 0.3245166279969064 0.02501042100875365 0.030317092034029387
0 0.2417674030846186 0.36442382057231243 0.05780186188689732 0.06836813611755607
0 0.22016117826872308 0.3332559938128383 0.02264832569126025 0.02985305491105955
0 0.20411282478810616 0.26867749419953596 0.11449214950673893 0.1271461716937355
3 0.45380019452549675 0.6839133797370456 0.04418507711546478 0.04965197215777262
3 0.4221898013060998 0.608352668213457 0.06127553147144644 0.06434648105181748
3 0.4754064193413923 0.722969837587007 0.04988189523412533 0.051972157772621805
0 0.47999166319299713 0.782753286929621 0.06322078643879395 0.07316318638824439
