0 0.34610898183636063 0.7140714821294677 0.07065489085152475 0.1474631342164459
0 0.2942842859523413 0.6974506373406649 0.06565572404599233 0.08622844288927768
0 0.22237960339943344 0.6349662584353912 0.06382269621729712 0.08922769307673083
0 0.19488418596900517 0.4965008747813047 0.029828361939676723 0.049237690577355664
0 0.22704549241793037 0.4743814046488378 0.017497083819363442 0.021494626343414147
0 0.1791368105315781 0.4502624343914022 0.01933011164805866 0.040239940014996256
0 0.15880686552241294 0.5423644088977756 0.04632561239793368 0.08747813046738316
0 0.11964672554574239 0.51824543864034 0.014997500416597235 0.0427393151712072
0 0.06807198800199968 0.4425143714071482 0.10081653057823697 0.15021244688827795
3 0.5509915014164306 0.7988002999250188 0.03849358440259957 0.05948512871782055
3 0.4775870688218631 0.72144463884029 0.05832361273121147 0.06973256685828544
3 0.5945675720713215 0.8339165208697826 0.04765872354607566 0.05573606598350413
0 0.6315614064322613 0.9135216195951013 0.05265789035160807 0.09097725568607849
