0 0.4484507433652911 0.6861562258313998 0.09184382381547868 0.11167826759474091
0 0.40634986800055584 0.7012374323279196 0.07127969987494791 0.0765661252900232
0 0.3370154230929554 0.7011600928074245 0.07072391274142004 0.07733952049497293
0 0.27879672085591223 0.6397525135344161 0.035153536195637075 0.04021655065738592
0 0.2957482284285119 0.6129156999226605 0.01847992218980131 0.019644238205723124
0 0.2545505071557594 0.6221964423820572 0.02501042100875365 0.030471771075019333
0 0.2654578296512436 0.6810518174787316 0.05766291510351536 0.06836813611755607
0 0.2304432402389885 0.6863109048723898 0.02264832569126025 0.029698375870069606
0 0.1721550646102543 0.6695282289249807 0.11449214950673893 0.12730085073472544
3 0.6199110740586355 0.6364269141531322 0.044324023898846744 0.04965197215777262
3 0.5454355981659025 0.6290796597061098 0.06127553147144644 0.06434648105181748
3 0.6611782687230792 0.6351121423047177 0.04988189523412533 0.051972157772621805
0 0.7099485896901487 0.6605568445475638 0.06322078643879395 0.07316318638824439
