0 0.7140714821294677 0.6537243792701217 0.1474631342164459 0.07065489085152475
0 0.6974506373406649 0.705549075154141 0.08622844288927768 0.06565572404599233
0 0.6349662584353912 0.7774537577070488 0.08922769307673083 0.06382269621729712
0 0.4965008747813047 0.8049491751374771 0.049237690577355664 0.029828361939676723
0 0.4743814046488378 0.772787868688552 0.021494626343414147 0.017497083819363442
0 0.4502624343914022 0.8206965505749042 0.040239940014996256 0.01933011164805866
0 0.5423644088977756 0.8410264955840694 0.08747813046738316 0.04632561239793368
0 0.51824543864034 0.88018663556074 0.0427393151712072 0.014997500416597235
0 0.4425143714071482 0.9317613731044827 0.15021244688827795 0.10081653057823697
3 0.7988002999250188 0.4488418596900517 0.05948512871782055 0.03849358440259957
3 0.72144463884029 0.5222462922846193 0.06973256685828544 0.05832361273121147
3 0.8339165208697826 0.40526578903516086 0.05573606598350413 0.04765872354607566
0 0.9135216195951013 0.36827195467422097 0.09097725568607849 0.05265789035160807
