0 0.551410309851327 0.3136890951276102 0.09184382381547868 0.11167826759474091
0 0.5935111852160623 0.29860788863109045 0.07127969987494791 0.0765661252900232
0 0.6628456301236627 0.29868522815158544 0.07072391274142004 0.07733952049497293
0 0.7210643323607059 0.36009280742459393 0.035153536195637075 0.04021655065738592
0 0.7041128247881062 0.38692962103634954 0.01847992218980131 0.019644238205723124
0 0.7453105460608588 0.3776488785769528 0.02501042100875365 0.030471771075019333
0 0.7344726969570655 0.3188708430007734 0.05780186188689732 0.06821345707656612
0 0.7694178129776297 0.31361175560711524 0.02264832569126025 0.02985305491105955
0 0.8277059886063638 0.33031709203402937 0.11449214950673893 0.12730085073472544
3 0.3799499791579825 0.3634184068058778 0.044324023898846744 0.04965197215777262
3 0.4544949284424066 0.3707656612529002 0.0614144782548284 0.06434648105181748
3 0.33875225788523 0.36473317865429233 0.0500208420175073 0.051972157772621805
0 0.2899124635264694 0.3392884764114462 0.06322078643879395 0.07316318638824439
