0 0.6704877032096708 0.4564578499613302 0.09184382381547868 0.11167826759474091
0 0.7033486174795054 0.48948182521268363 0.07141864665832987 0.0765661252900232
0 0.7378768931499237 0.5563805104408353 0.07072391274142004 0.07733952049497293
0 0.7192580241767403 0.6433101314771849 0.035153536195637075 0.04021655065738592
0 0.6899402528831459 0.6402938901778809 0.01847992218980131 0.019644238205723124
0 0.7177990829512297 0.6753286929621036 0.02501042100875365 0.030317092034029387
0 0.7580936501319995 0.6354988399071926 0.05780186188689732 0.06821345707656612
0 0.779699874947895 0.6665893271461717 0.02264832569126025 0.02985305491105955
0 0.7957482284285119 0.731167826759474 0.11449214950673893 0.1271461716937355
3 0.5461303320828124 0.3160092807424594 0.044324023898846744 0.04980665119876256
3 0.5776712519105183 0.39149265274555295 0.06127553147144644 0.06434648105181748
3 0.5244546338752258 0.277030162412993 0.04988189523412533 0.051972157772621805
0 0.519869390023621 0.217092034029389 0.06322078643879395 0.07316318638824439
