0 0.2856785803549113 0.3461666666666667 0.1474631342164459 0.07066666666666667
0 0.3022994251437141 0.29433333333333334 0.08622844288927768 0.06566666666666666
0 0.3647838040489878 0.22241666666666665 0.08922769307673083 0.06383333333333333
0 0.5032491877030743 0.19491666666666665 0.049237690577355664 0.029833333333333333
0 0.5253686578355412 0.22708333333333333 0.021494626343414147 0.017499999999999998
0 0.5494876280929768 0.17916666666666667 0.040239940014996256 0.019333333333333334
0 0.4573856535866034 0.15883333333333333 0.08747813046738316 0.04633333333333333
0 0.481504623844039 0.11966666666666666 0.0427393151712072 0.015
0 0.5572356910772307 0.06808333333333333 0.15021244688827795 0.10083333333333333
3 0.20094976255936017 0.5510833333333334 0.05948512871782055 0.0385
3 0.278305423644089 0.47766666666666663 0.06973256685828544 0.058333333333333334
3 0.16583354161459637 0.5946666666666667 0.05573606598350413 0.04766666666666666
0 0.08622844288927768 0.6316666666666666 0.09097725568607849 0.05266666666666667
