0 0.6537499999999999 0.285625 0.0705 0.14725
0 0.7055833333333333 0.30225 0.0655 0.08600000000000001
0 0.7775 0.36475 0.06366666666666666 0.089
0 0.8049999999999999 0.50325 0.029666666666666664 0.049
0 0.7728333333333333 0.525375 0.017333333333333333 0.02125
0 0.82075 0.5495 0.019166666666666665 0.04
0 0.8410833333333333 0.45737500000000003 0.04616666666666667 0.08725000000000001
0 0.88025 0.4815 0.014833333333333332 0.0425
0 0.9318333333333333 0.55725 0.10066666666666667 0.15
3 0.4488333333333333 0.200875 0.03833333333333333 0.059250000000000004
3 0.52225 0.27825 0.058166666666666665 0.0695
3 0.40525 0.16575 0.0475 0.0555
0 0.36824999999999997 0.08612500000000001 0.0525 0.09075
