3 0.7497568431290816 0.7335653518948182 0.03390301514519939 0.049342614075792726
3 0.7683757121022649 0.6888631090487238 0.02890093094344866 0.04222737819025522
3 0.6408920383493123 0.6858468677494199 0.03598721689592886 0.05135344160866202
3 0.6597193274975685 0.6306264501160093 0.03445880227872725 0.051662799690641914
3 0.8130471029595665 0.5860015467904098 0.04098930109767959 0.06047950502706883
3 0.7120327914408782 0.5098994586233565 0.05043768236765319 0.07223511214230471
3 0.5485619007919967 0.6146945088940449 0.03723773794636655 0.053518948182521266
3 0.5649576212310685 0.5757153905645784 0.03529248297901904 0.04331013147718484
3 0.4906905655134084 0.4395978344934261 0.14881200500208422 0.24346481051817478
0 0.6361678477143254 0.4907965970610982 0.045713491732666395 0.06279969064191801
0 0.6087953313880784 0.5898685228151586 0.02320411282478811 0.028924980665119875
0 0.6206752813672364 0.5447022428460944 0.041684035014589414 0.057695282289249805
3 0.36251215784354596 0.3744006187161639 0.10643323607058497 0.16040216550657385
3 0.2779630401556204 0.28275328692962104 0.10490482145338337 0.15591647331786543
