3 0.8852691218130312 0.6020994751312172 0.017497083819363442 0.07698075481129718
3 0.8805199133477755 0.5227443139215197 0.01466422262956174 0.06623344163959011
3 0.746375604065989 0.6332166958260436 0.01933011164805866 0.07923019245188703
3 0.7362939510081654 0.5391152211947013 0.016163972671221466 0.08247938015496127
3 0.8714380936510582 0.33866533366658336 0.020163306115647393 0.0954761309672582
3 0.7254624229295118 0.3231692076980755 0.026828861856357276 0.11197200699825044
3 0.6122312947842027 0.6167208197950513 0.01966338943509415 0.08272931767058236
3 0.6083152807865356 0.547488127968008 0.026828861856357276 0.057735566108472886
3 0.45784035994001004 0.4236440889777556 0.04682552907848692 0.4138965258685329
0 0.6365605732377938 0.36440889777555613 0.027328778536910518 0.09347663084228944
0 0.6613897683719381 0.5277430642339416 0.017330444925845692 0.03924018995251188
0 0.6494750874854192 0.45388652836790805 0.024495917347108816 0.08647838040489879
3 0.2895350774870855 0.44788802799300176 0.04849191801366439 0.2574356410897276
3 0.15239126812197967 0.395651087228193 0.050158306948841866 0.2474381404648838
