3 0.8065860775323052 0.3758700696055684 0.03390301514519939 0.04918793503480278
3 0.7811588161734057 0.3355761794276875 0.02890093094344866 0.04222737819025522
3 0.7150201472835904 0.45699922660479503 0.0358482701125469 0.05150812064965197
3 0.681533972488537 0.411291569992266 0.03445880227872725 0.051662799690641914
3 0.7234264276781993 0.24106728538283062 0.04098930109767959 0.06047950502706883
3 0.6136584688064471 0.3005413766434648 0.05043768236765319 0.07238979118329467
3 0.6134500486313742 0.5104408352668213 0.03723773794636655 0.053518948182521266
3 0.5913575100736419 0.4751740139211137 0.03529248297901904 0.04331013147718484
3 0.44831179658190917 0.4785769528228925 0.14881200500208422 0.24346481051817478
0 0.5609281645129915 0.3639597834493426 0.04557454494928443 0.06279969064191801
0 0.6242878977351675 0.439984532095901 0.023343059608170073 0.028924980665119875
0 0.5952480200083369 0.40587780355761793 0.041684035014589414 0.05754060324825986
3 0.3336112269000973 0.5696829079659705 0.10643323607058497 0.1602474864655839
3 0.22002223148534114 0.6054137664346481 0.10490482145338337 0.15591647331786543
