3 0.6020994751312172 0.1145642392934511 0.07698075481129718 0.017497083819363442
3 0.5227443139215197 0.11931344775870689 0.06623344163959011 0.01466422262956174
3 0.6332166958260436 0.2534577570404933 0.07923019245188703 0.01933011164805866
3 0.5391152211947013 0.26353941009831694 0.08247938015496127 0.016163972671221466
3 0.33866533366658336 0.1283952674554241 0.0954761309672582 0.020163306115647393
3 0.3231692076980755 0.2743709381769705 0.11197200699825044 0.026828861856357276
3 0.6167208197950513 0.38768538576903855 0.08272931767058236 0.0198300283286119
3 0.547488127968008 0.3916847192134644 0.057735566108472886 0.026828861856357276
3 0.4236440889777556 0.5419930011664723 0.4138965258685329 0.04682552907848692
0 0.36440889777555613 0.3632727878686886 0.09347663084228944 0.027328778536910518
0 0.5277430642339416 0.3384435927345443 0.03924018995251188 0.017330444925845692
0 0.45388652836790805 0.3503582736210632 0.08647838040489879 0.024495917347108816
3 0.44788802799300176 0.7102982836193968 0.2574356410897276 0.04849191801366439
3 0.395651087228193 0.8474420929845027 0.2474381404648838 0.050158306948841866
