3 0.19327497568431293 0.6239752513534416 0.03390301514519939 0.04918793503480278
3 0.21870223704321246 0.6642691415313224 0.02890093094344866 0.04222737819025522
3 0.28491037932471863 0.54292343387471 0.03598721689592886 0.05135344160866202
3 0.3183270807280812 0.588553750966744 0.03445880227872725 0.051662799690641914
3 0.2764346255384188 0.7587780355761794 0.04098930109767959 0.06047950502706883
3 0.3862025844101709 0.6993039443155452 0.05043768236765319 0.07238979118329467
3 0.3864110045852439 0.4894044856921887 0.03723773794636655 0.053518948182521266
3 0.40850354314297627 0.5247486465583913 0.03529248297901904 0.04346481051817479
3 0.551549256634709 0.5212683681361175 0.14881200500208422 0.24346481051817478
0 0.43893288870362657 0.6358855375096674 0.04557454494928443 0.06279969064191801
0 0.37557315548145065 0.559860788863109 0.023343059608170073 0.028924980665119875
0 0.40461303320828124 0.5939675174013921 0.041684035014589414 0.05754060324825986
3 0.6663192997082118 0.4301624129930394 0.10629428928720301 0.1602474864655839
3 0.779908295122968 0.3944315545243619 0.10504376823676533 0.15591647331786543
