3 0.25010421008753647 0.26635730858468676 0.03390301514519939 0.04918793503480278
3 0.23148534111435323 0.31098221191028613 0.02890093094344866 0.04222737819025522
3 0.35896901486730587 0.31407579273008507 0.03598721689592886 0.05150812064965197
3 0.34014172571904966 0.36921887084300076 0.03445880227872725 0.051662799690641914
3 0.18681395025705155 0.41399845320959006 0.04098930109767959 0.06047950502706883
3 0.2879672085591219 0.4899458623356535 0.05043768236765319 0.07223511214230471
3 0.45129915242462143 0.38522815158546014 0.03723773794636655 0.05336426914153132
3 0.4349034319855496 0.4242072699149265 0.03529248297901904 0.04346481051817479
3 0.5091704877032097 0.5603248259860789 0.14881200500208422 0.2436194895591647
0 0.36369320550229267 0.5090487238979118 0.045713491732666395 0.06279969064191801
0 0.39113519522023066 0.40997679814385146 0.023343059608170073 0.028924980665119875
0 0.37918577184938174 0.45514307811291566 0.041684035014589414 0.057695282289249805
3 0.6374183687647631 0.6254447022428461 0.10629428928720301 0.16040216550657385
3 0.7219674864526887 0.7170920340293889 0.10504376823676533 0.15591647331786543
