3 0.3976505873531617 0.8854166666666666 0.07698075481129718 0.017499999999999998
3 0.4770057485628593 0.8806666666666666 0.06623344163959011 0.014666666666666666
3 0.36653336665833547 0.7464999999999999 0.07923019245188703 0.019333333333333334
3 0.46063484128967763 0.7364166666666666 0.08247938015496127 0.016166666666666666
3 0.6610847288177956 0.8715833333333333 0.0954761309672582 0.020166666666666666
3 0.6765808547863035 0.7255833333333334 0.11197200699825044 0.026833333333333334
3 0.3830292426893277 0.6123333333333333 0.08272931767058236 0.019666666666666666
3 0.45251187203199206 0.6084166666666666 0.057735566108472886 0.026833333333333334
3 0.5761059735066234 0.45791666666666664 0.4138965258685329 0.04683333333333333
0 0.6353411647088228 0.6366666666666666 0.09347663084228944 0.02733333333333333
0 0.4720069982504374 0.6615 0.03924018995251188 0.017333333333333333
0 0.5458635341164709 0.6495833333333333 0.08647838040489879 0.024499999999999997
3 0.5518620344913772 0.2895833333333333 0.2574356410897276 0.0485
3 0.604098975256186 0.15241666666666667 0.2474381404648838 0.050166666666666665
