3 0.11449999999999999 0.397625 0.017333333333333333 0.07675
3 0.11925 0.47700000000000004 0.014499999999999999 0.066
3 0.2534166666666667 0.3665 0.019166666666666665 0.079
3 0.2635 0.460625 0.016 0.08225
3 0.12833333333333333 0.661125 0.02 0.09525
3 0.2743333333333333 0.676625 0.026666666666666665 0.11175
3 0.38766666666666666 0.383 0.019666666666666666 0.0825
3 0.39166666666666666 0.4525 0.026666666666666665 0.0575
3 0.542 0.576125 0.04666666666666666 0.41375
0 0.36324999999999996 0.635375 0.027166666666666665 0.09325
0 0.33841666666666664 0.47200000000000003 0.017166666666666667 0.039
0 0.35033333333333333 0.545875 0.024333333333333332 0.08625000000000001
3 0.7103333333333333 0.551875 0.04833333333333333 0.25725
3 0.8474999999999999 0.604125 0.049999999999999996 0.24725
