3 0.47714325413366687 0.6102088167053364 0.10226483256912604 0.13518948182521268
3 0.4146866750034737 0.5581593194122196 0.11574267055717662 0.1696829079659706
3 0.3281923023482007 0.5472544470224284 0.10143115186883425 0.14106728538283062
3 0.23495901069890235 0.5786542923433874 0.023620953174934 0.028151585460170145
3 0.24350423787689318 0.5295436968290796 0.03459774906210922 0.04408352668213457
3 0.256078921772961 0.4767208043310131 0.058913436153953044 0.07177107501933487
3 0.2776156731971655 0.4310904872389791 0.05807975545366125 0.0671307037896365
3 0.3042934556065027 0.3870069605568445 0.06863971099069058 0.08816705336426914
3 0.17597610115325832 0.4947409126063418 0.08406280394608866 0.11554524361948955
3 0.10441850771154648 0.46558391337973704 0.018757815756565238 0.02165506573859242
3 0.12060580797554538 0.39358081979891724 0.03001250521050438 0.03727764887857695
3 0.48464638043629293 0.7543696829079659 0.021953591774350426 0.02907965970610982
3 0.39606780603029046 0.674168600154679 0.02209253855773239 0.025831399845320957
3 0.3119355286925108 0.6324052590873936 0.02890093094344866 0.02985305491105955
3 0.2344032235653745 0.611291569992266 0.021953591774350426 0.024439288476411445
3 0.6186605530081979 0.7624129930394431 0.06599972210643325 0.08569218870843
