3 0.5356607232127979 0.6747063234191453 0.06682219630061657 0.1947013246688328
3 0.44267622062989503 0.6580854786303425 0.057490418263622736 0.2669332666833292
3 0.34702549575070823 0.7205698575356162 0.05882352941176471 0.21244688827793054
3 0.26712214630894854 0.8482879280179956 0.01866355607398767 0.03649087728067983
3 0.24954174304282623 0.7719320169957511 0.024162639560073324 0.06123469132716821
3 0.2341276453924346 0.6867033241689579 0.0453257790368272 0.0947263184203949
3 0.2319613397767039 0.6034741314671332 0.04832527912014665 0.08372906773306674
3 0.23596067322112982 0.5178705323669083 0.04765872354607566 0.1234691327168208
3 0.16072321279786703 0.7840539865033742 0.050158306948841866 0.17245688577855536
3 0.07057157140476587 0.8075481129717571 0.015497417097150476 0.026993251687078234
3 0.04865855690718214 0.692451887028243 0.022329611731378107 0.05023744063984004
3 0.6210631561406432 0.8695326168457886 0.014330944842526247 0.041989502624343915
3 0.4859190134977504 0.8371657085728569 0.017997000499916684 0.032741814546363414
3 0.3761039826695551 0.8544113971507123 0.027995334110981505 0.031742064483879034
3 0.2841193134477587 0.8945263684078981 0.01933011164805866 0.02899275181204699
3 0.7645392434594235 0.7603099225193702 0.04465922346275621 0.12146963259185205
