3 0.5742670557176602 0.577107501933488 0.10226483256912604 0.13518948182521268
3 0.5026399888842574 0.611214230471771 0.11574267055717662 0.1696829079659706
3 0.4508823120744755 0.6891724671307038 0.10143115186883425 0.14091260634184066
3 0.42872030012505213 0.7947409126063418 0.023482006391552037 0.028151585460170145
3 0.39474781158816175 0.7620262954369682 0.03445880227872725 0.04408352668213457
3 0.3600111157426706 0.7235112142304717 0.058913436153953044 0.07161639597834493
3 0.33527858830068086 0.679814385150812 0.05807975545366125 0.0671307037896365
3 0.3142976240100042 0.6320185614849188 0.06863971099069058 0.08816705336426914
3 0.3339585938585522 0.8096674400618715 0.08406280394608866 0.11554524361948955
3 0.2754619980547451 0.8641144624903325 0.018757815756565238 0.021809744779582366
3 0.2275948311796582 0.8125290023201855 0.03001250521050438 0.037122969837587005
3 0.6901486730582188 0.6419180201082753 0.021953591774350426 0.02907965970610982
3 0.5836459635959428 0.6871616395978345 0.02209253855773239 0.025831399845320957
3 0.5090315409198277 0.7474091260634184 0.029039877726830626 0.030007733952049497
3 0.45380019452549675 0.8116009280742459 0.021953591774350426 0.024439288476411445
3 0.7634431012922052 0.5167053364269141 0.06599972210643325 0.08584686774941995
