3 0.6747063234191453 0.4641726378936844 0.1947013246688328 0.06682219630061657
3 0.6580854786303425 0.5571571404765873 0.2669332666833292 0.057490418263622736
3 0.7205698575356162 0.6528078653557741 0.21244688827793054 0.05882352941176471
3 0.8482879280179956 0.7327112147975338 0.03649087728067983 0.01866355607398767
3 0.7719320169957511 0.7502916180636561 0.06123469132716821 0.024162639560073324
3 0.6867033241689579 0.7657057157140477 0.0947263184203949 0.0453257790368272
3 0.6034741314671332 0.7678720213297784 0.08372906773306674 0.04832527912014665
3 0.5178705323669083 0.7638726878853525 0.1234691327168208 0.04765872354607566
3 0.7840539865033742 0.8391101483086153 0.17245688577855536 0.050158306948841866
3 0.8075481129717571 0.9292617897017165 0.026993251687078234 0.015497417097150476
3 0.692451887028243 0.9511748041993002 0.05023744063984004 0.022329611731378107
3 0.8695326168457886 0.3787702049658391 0.041989502624343915 0.014330944842526247
3 0.8371657085728569 0.5139143476087319 0.032741814546363414 0.017997000499916684
3 0.8544113971507123 0.6237293784369272 0.031742064483879034 0.027995334110981505
3 0.8945263684078981 0.7157140476587236 0.02899275181204699 0.01933011164805866
3 0.7603099225193702 0.23529411764705885 0.12146963259185205 0.04465922346275621
