3 0.42559399749895793 0.42273781902552204 0.10226483256912604 0.13518948182521268
3 0.49729053772405174 0.388631090487239 0.11560372377379464 0.1696829079659706
3 0.5489787411421426 0.31067285382830623 0.10143115186883425 0.14091260634184066
3 0.5712102264832569 0.20510440835266822 0.023620953174934 0.028151585460170145
3 0.6051132416284564 0.23797370456303168 0.03445880227872725 0.04408352668213457
3 0.6399888842573295 0.27641144624903324 0.058913436153953044 0.07177107501933487
3 0.6646519383076283 0.32003093580819797 0.05794080867027929 0.0671307037896365
3 0.685563429206614 0.3678267594740912 0.06863971099069058 0.08816705336426914
3 0.6659024593580659 0.19017788089713844 0.08406280394608866 0.11554524361948955
3 0.7243990551618731 0.1357308584686775 0.018757815756565238 0.021809744779582366
3 0.7723356954286509 0.1873936581593194 0.030151451993886344 0.03727764887857695
3 0.30971238015839936 0.3580046403712297 0.021953591774350426 0.028924980665119875
3 0.4162845630123663 0.3126836813611755 0.021953591774350426 0.025831399845320957
3 0.49089898568848134 0.2525135344160866 0.02890093094344866 0.02985305491105955
3 0.5460608586911213 0.1882443928847641 0.021953591774350426 0.024439288476411445
3 0.23641795192441298 0.4831399845320959 0.06599972210643325 0.08584686774941995
