3 0.5227872724746423 0.38963650425367363 0.102403779352508 0.13518948182521268
3 0.5852438516048354 0.4416860015467904 0.11560372377379464 0.1696829079659706
3 0.6716687508684175 0.4525908739365816 0.10143115186883425 0.14106728538283062
3 0.7649020425177158 0.4211910286156226 0.023620953174934 0.028151585460170145
3 0.756356815339725 0.4703016241299304 0.03459774906210922 0.04408352668213457
3 0.7437821314436571 0.5231245166279969 0.058913436153953044 0.07177107501933487
3 0.7222453800194526 0.5687548337200309 0.05807975545366125 0.0671307037896365
3 0.6955675976101154 0.6128383604021654 0.06863971099069058 0.08816705336426914
3 0.8238849520633598 0.5051044083526682 0.08406280394608866 0.11554524361948955
3 0.8955814922884536 0.534261407579273 0.018757815756565238 0.02165506573859242
3 0.8793247186327637 0.6062645011600928 0.030151451993886344 0.03727764887857695
3 0.5152146727803252 0.24547563805104408 0.021953591774350426 0.02907965970610982
3 0.6037932471863277 0.325676720804331 0.02209253855773239 0.025831399845320957
3 0.6879255245241074 0.3674400618716164 0.02890093094344866 0.02985305491105955
3 0.7654578296512436 0.388553750966744 0.021953591774350426 0.024439288476411445
3 0.38126997360011117 0.23750966744006186 0.06586077532305128 0.08584686774941995
