3 0.3250437390652337 0.53575 0.1947013246688328 0.06683333333333333
3 0.34166458385403653 0.44275 0.2669332666833292 0.057499999999999996
3 0.27918020494876283 0.3470833333333333 0.21244688827793054 0.058833333333333335
3 0.15146213446638343 0.26716666666666666 0.03649087728067983 0.018666666666666665
3 0.22781804548862786 0.24958333333333332 0.06123469132716821 0.024166666666666666
3 0.3130467383154212 0.23416666666666666 0.0947263184203949 0.04533333333333333
3 0.39627593101724573 0.23199999999999998 0.08372906773306674 0.04833333333333333
3 0.48187953011747064 0.236 0.1234691327168208 0.04766666666666666
3 0.21569607598100476 0.16075 0.17245688577855536 0.050166666666666665
3 0.19220194951262187 0.07058333333333333 0.026993251687078234 0.0155
3 0.30729817545613597 0.048666666666666664 0.05023744063984004 0.022333333333333334
3 0.13021744563859036 0.6211666666666666 0.041989502624343915 0.014333333333333333
3 0.16258435391152212 0.486 0.032741814546363414 0.018
3 0.1453386653336666 0.37616666666666665 0.031742064483879034 0.028
3 0.10522369407648088 0.2841666666666667 0.02899275181204699 0.019333333333333334
3 0.23944013996500876 0.7646666666666666 0.12146963259185205 0.04466666666666667
