3 0.46416666666666667 0.325 0.06666666666666667 0.1945
3 0.5571666666666667 0.341625 0.05733333333333333 0.26675
3 0.6528333333333333 0.279125 0.058666666666666666 0.21225
3 0.73275 0.151375 0.0185 0.03625
3 0.7503333333333333 0.22775 0.024 0.061
3 0.7657499999999999 0.313 0.04516666666666667 0.0945
3 0.7679166666666667 0.39625 0.04816666666666666 0.0835
3 0.7639166666666667 0.481875 0.0475 0.12325
3 0.8391666666666666 0.215625 0.049999999999999996 0.17225000000000001
3 0.9293333333333333 0.192125 0.015333333333333332 0.02675
3 0.9512499999999999 0.30725 0.022166666666666664 0.05
3 0.37875 0.130125 0.014166666666666666 0.04175
3 0.5139166666666667 0.1625 0.017833333333333333 0.0325
3 0.62375 0.14525 0.02783333333333333 0.0315
3 0.71575 0.105125 0.019166666666666665 0.02875
3 0.23525 0.239375 0.0445 0.12125
