3 0.12887314158677227 0.5289249806651198 0.07739335834375435 0.07470997679814385
3 0.08503543142976241 0.454137664346481 0.07975545366124775 0.07919566898685228
3 0.14047519799916633 0.5779582366589326 0.03084618591079617 0.030162412993039442
3 0.07767125191051828 0.5210363495746326 0.048075587050159796 0.06790409899458623
3 0.5981659024593581 0.508352668213457 0.048075587050159796 0.0614075792730085
3 0.5414756148395166 0.611368909512761 0.027511463109629014 0.03449342614075793
3 0.5496734750590524 0.36550657385924207 0.05252188411838266 0.08167053364269142
3 0.8149228845352231 0.40781129156999224 0.0330693344449076 0.039752513534416084
3 0.6725719049604002 0.34694508894044856 0.045991385299430323 0.062490332559938126
3 0.6398499374739476 0.608507347254447 0.036126163679310826 0.04083526682134571
3 0.645755175767681 0.5791956689868523 0.04126719466444352 0.04532095901005413
3 0.6625677365568987 0.5416086620262954 0.045435598165902466 0.05460170146945088
3 0.7935250798944005 0.4419953596287703 0.04112824788106156 0.05491105955143078
3 0.7176601361678477 0.6276102088167053 0.051966096984854805 0.06728538283062645
3 0.7054328192302349 0.6689868522815158 0.026399888842573296 0.028151585460170145
