3 0.13014497583736045 0.8741564608847788 0.08031994667555407 0.06973256685828544
3 0.044325945675720714 0.8090477380654837 0.08031994667555407 0.07798050487378157
3 0.16863856023996002 0.9322669332666834 0.03166138976837194 0.02899275181204699
3 0.07273787702049658 0.9092726818295427 0.026828861856357276 0.10347413146713323
3 0.6064822529578404 0.42326918270432395 0.03382769538410265 0.08522869282679331
3 0.6030661556407266 0.618470382404399 0.019996667222129647 0.047238190452386905
3 0.47917013831028166 0.2670582354411397 0.021163139476753877 0.13421644588852788
3 0.7773704382602901 0.08785303674081481 0.025995667388768542 0.051737065733566616
3 0.5968171971338111 0.13046738315421147 0.028495250791534747 0.09197700574856287
3 0.7037160473254458 0.5258685328667834 0.030994834194300953 0.04948762809297676
3 0.6940509915014165 0.4796300924768808 0.036993834360939844 0.052486878280429895
3 0.6913014497583737 0.4118970257435641 0.035494084319280125 0.0714821294676331
3 0.7736210631561407 0.1548362909272682 0.02649558406932178 0.07973006748312922
3 0.7947842026328946 0.48262934266433394 0.035494084319280125 0.09497625593601601
3 0.8044492584569239 0.5516120969757561 0.024495917347108816 0.03149212696825794
