3 0.3370154230929554 0.8722351121423046 0.07739335834375435 0.0745552977571539
3 0.25684312908156176 0.877107501933488 0.07961650687786578 0.07904098994586232
3 0.3809920800333473 0.885460170146945 0.03084618591079617 0.030162412993039442
3 0.3052660830901765 0.9176334106728538 0.048075587050159796 0.06790409899458623
3 0.555578713352786 0.4094354215003867 0.04821453383354176 0.061252900232018556
3 0.6074058635542587 0.5156225831399845 0.02737251632624705 0.03449342614075793
3 0.4201750729470613 0.3846867749419953 0.05252188411838266 0.08167053364269142
3 0.5857996387383633 0.1502706883217324 0.0330693344449076 0.039752513534416084
3 0.4672780325135473 0.256999226604795 0.04613033208281229 0.06233565351894818
3 0.6543004029456718 0.4193348801237432 0.036126163679310826 0.04083526682134571
3 0.6345004863137419 0.3989945862335653 0.04126719466444352 0.04532095901005413
3 0.6136584688064471 0.3639597834493426 0.045435598165902466 0.054756380510440836
3 0.6016395720439073 0.1879350348027842 0.04112824788106156 0.05506573859242073
3 0.7080728081144922 0.3538283062645011 0.051966096984854805 0.06728538283062645
3 0.7342642767819926 0.3863109048723898 0.02626094205919133 0.0279969064191802
