3 0.8741564608847788 0.8696883852691218 0.06973256685828544 0.08031994667555407
3 0.8090477380654837 0.9555074154307616 0.07798050487378157 0.08031994667555407
3 0.9322669332666834 0.8311948008665223 0.02899275181204699 0.03166138976837194
3 0.9092726818295427 0.9270954840859857 0.10347413146713323 0.026828861856357276
3 0.42326918270432395 0.39335110814864194 0.08522869282679331 0.03382769538410265
3 0.618470382404399 0.3967672054657557 0.047238190452386905 0.019996667222129647
3 0.2670582354411397 0.5206632227962007 0.13421644588852788 0.021163139476753877
3 0.08785303674081481 0.22246292284619232 0.051737065733566616 0.025995667388768542
3 0.13046738315421147 0.40301616397267126 0.09197700574856287 0.028495250791534747
3 0.5258685328667834 0.2961173137810365 0.04948762809297676 0.030994834194300953
3 0.4796300924768808 0.30578236960506583 0.052486878280429895 0.036993834360939844
3 0.4118970257435641 0.30853191134810865 0.0714821294676331 0.035494084319280125
3 0.1548362909272682 0.22621229795034162 0.07973006748312922 0.02649558406932178
3 0.48262934266433394 0.20504915847358776 0.09497625593601601 0.035494084319280125
3 0.5516120969757561 0.1954674220963173 0.03149212696825794 0.02432927845359107
