3 0.6629845769070447 0.12761020881670532 0.07739335834375435 0.0745552977571539
3 0.7430179241350563 0.122815158546017 0.07961650687786578 0.07919566898685228
3 0.6189384465749619 0.11438515081206496 0.030985132694178134 0.030162412993039442
3 0.6945949701264417 0.08221191028615622 0.048075587050159796 0.06790409899458623
3 0.4442823398638322 0.5904872389791183 0.04821453383354176 0.0614075792730085
3 0.3925246630540503 0.4842227378190255 0.027511463109629014 0.03449342614075793
3 0.5796859802695568 0.6151585460170147 0.05252188411838266 0.08167053364269142
3 0.41413088786994584 0.8495746326372776 0.03293038766152564 0.039752513534416084
3 0.5325830207030707 0.742846094354215 0.04613033208281229 0.06233565351894818
3 0.34556065027094623 0.5805104408352668 0.036126163679310826 0.04083526682134571
3 0.3653605669028762 0.6008507347254447 0.04126719466444352 0.04532095901005413
3 0.3862025844101709 0.6358855375096674 0.045435598165902466 0.054756380510440836
3 0.3982214811727109 0.8119102861562257 0.04112824788106156 0.05506573859242073
3 0.2917882451021259 0.6460170146945089 0.051966096984854805 0.06728538283062645
3 0.26573572321800754 0.6135344160866202 0.02626094205919133 0.0279969064191802
