3 0.8709879116298458 0.4709203402938901 0.07739335834375435 0.07470997679814385
3 0.9148256217868557 0.545707656612529 0.07975545366124775 0.07919566898685228
3 0.8593858552174518 0.4218870843000773 0.03084618591079617 0.030162412993039442
3 0.9221898013060998 0.4788089713843774 0.048075587050159796 0.06790409899458623
3 0.40169515075726 0.4914926527455529 0.048075587050159796 0.0614075792730085
3 0.4583854383771016 0.388476411446249 0.027511463109629014 0.03449342614075793
3 0.4501875781575657 0.6343387470997679 0.05252188411838266 0.08167053364269142
3 0.18500764207308604 0.5920340293890177 0.03293038766152564 0.039752513534416084
3 0.3272891482562179 0.6529002320185614 0.045991385299430323 0.062490332559938126
3 0.3600111157426706 0.39149265274555295 0.036126163679310826 0.04083526682134571
3 0.35410587744893707 0.42064965197215776 0.04126719466444352 0.04532095901005413
3 0.33729331665971934 0.4583139984532096 0.045435598165902466 0.054756380510440836
3 0.2064054467139086 0.5578499613302397 0.04126719466444352 0.05491105955143078
3 0.28220091704877037 0.3722351121423047 0.051966096984854805 0.06728538283062645
3 0.29449770737807424 0.3308584686774942 0.02626094205919133 0.028151585460170145
