3 0.12559360159960012 0.13016666666666665 0.06973256685828544 0.08033333333333333
3 0.19070232441889529 0.04433333333333333 0.07798050487378157 0.08033333333333333
3 0.06748312921769559 0.16866666666666666 0.02899275181204699 0.03166666666666666
3 0.09047738065483629 0.07275 0.10347413146713323 0.026833333333333334
3 0.576480879780055 0.6065833333333334 0.08522869282679331 0.03383333333333333
3 0.38127968007998003 0.6031666666666666 0.047238190452386905 0.02
3 0.7328167958010497 0.47925 0.134466383404149 0.021166666666666667
3 0.9120219945013748 0.7775 0.05198700324918771 0.026
3 0.8692826793301676 0.5969166666666667 0.09197700574856287 0.028499999999999998
3 0.47388152961759566 0.7038333333333333 0.04948762809297676 0.031
3 0.5201199700074982 0.6941666666666666 0.052486878280429895 0.037
3 0.5878530367408148 0.6914166666666667 0.0714821294676331 0.0355
3 0.8449137715571108 0.7737499999999999 0.07973006748312922 0.0265
3 0.517120719820045 0.7949166666666666 0.09497625593601601 0.0355
3 0.4481379655086229 0.8045833333333333 0.03149212696825794 0.024499999999999997
