3 0.86975 0.1255 0.08016666666666666 0.0695
3 0.9555833333333333 0.19062500000000002 0.08016666666666666 0.07775
3 0.8312499999999999 0.067375 0.0315 0.02875
3 0.9271666666666666 0.090375 0.026666666666666665 0.10325000000000001
3 0.3933333333333333 0.5765 0.033666666666666664 0.085
3 0.39675 0.38125000000000003 0.01983333333333333 0.047
3 0.5206666666666666 0.732875 0.020999999999999998 0.13425
3 0.22241666666666665 0.912125 0.025833333333333333 0.051750000000000004
3 0.40299999999999997 0.869375 0.028333333333333332 0.09175
3 0.2960833333333333 0.473875 0.03083333333333333 0.04925
3 0.30574999999999997 0.5201250000000001 0.03683333333333333 0.05225
3 0.3085 0.587875 0.035333333333333335 0.07125000000000001
3 0.22616666666666665 0.845 0.026333333333333334 0.0795
3 0.205 0.5171250000000001 0.035333333333333335 0.09475
3 0.19541666666666666 0.448125 0.024166666666666666 0.03125
