0 0.5860775323051272 0.5619489559164733 0.021119911074058636 0.02165506573859242
0 0.5484229540086147 0.54261407579273 0.03167986661108796 0.028460943542150036
0 0.6157426705571767 0.5842227378190255 0.02626094205919133 0.024129930394431554
0 0.6374878421564542 0.6136117556071152 0.02389884674169793 0.02505800464037123
0 0.5676670835070169 0.5290796597061098 0.010698902320411284 0.010363495746326373
0 0.5539808253438934 0.5204176334106728 0.01583993330554398 0.01747873163186388
0 0.5138252049465055 0.5075792730085074 0.02445463387522579 0.023665893271461715
0 0.4891621508962068 0.5151585460170147 0.03265249409476171 0.032637277648878575
0 0.4592191190773934 0.5180201082753286 0.013616784771432543 0.013302397525135344
0 0.49006530498818957 0.4974477958236659 0.014172571904960402 0.014230471771075018
2 0.4787411421425594 0.48669760247486465 0.02264832569126025 0.0205723124516628
2 0.4493538974572739 0.4890177880897138 0.03418090871196332 0.03573085846867749
0 0.44963179102403783 0.4896365042536736 0.037793525079894405 0.039752513534416084
0 0.42399610949006533 0.5162412993039442 0.02653883562595526 0.0279969064191802
0 0.43184660275114634 0.4936581593194122 0.02056412394053078 0.017788089713843772
0 0.405516187300264 0.48236658932714616 0.014311518688342366 0.012838360402165506
0 0.43351396415172994 0.4750966744006187 0.016117826872307908 0.015003866976024748
0 0.4155203557037655 0.46813611755607115 0.03765457829651244 0.039752513534416084
0 0.3736973739057941 0.4725444702242846 0.04682506599972211 0.04145398298530549
0 0.3847436431846603 0.45893271461716934 0.028067250243156875 0.02505800464037123
0 0.36056690287619847 0.4500386697602475 0.013894678338196471 0.012838360402165506
0 0.33812699736001117 0.44748646558391336 0.04460191746561067 0.046094354215003866
0 0.3199249687369738 0.43495746326372775 0.014033625121578438 0.015467904098994586
0 0.30776712519105187 0.47865429234338747 0.017785188272891484 0.019644238205723124
0 0.338682784493539 0.4774168600154679 0.009031540919827706 0.009126063418406806
0 0.3134639433097124 0.4667440061871616 0.006947339169098236 0.007579273008507347
3 0.43580658607753237 0.20672853828306265 0.05210504376823677 0.0725444702242846
3 0.4641517298874531 0.1624903325599381 0.03626511046269279 0.04346481051817479
3 0.44449076003890514 0.15127610208816705 0.043073502848409065 0.051972157772621805
3 0.6478393775184105 0.2976024748646558 0.04126719466444352 0.044856921887084296
3 0.6093511185216063 0.2791183294663573 0.0448798110323746 0.034184068058778036
3 0.5596776434625539 0.23859242072699147 0.07669862442684452 0.06481051817478731
2 0.9274003056829235 0.4796597061098221 0.012644157287758789 0.015158546017014694
0 0.7278032513547312 0.8266047950502706 0.01917465610671113 0.018561484918793503
0 0.716687508684174 0.822737819025522 0.008058913436153954 0.009899458623356535
0 0.716756982075865 0.771461716937355 0.015978880088925944 0.015931941221964424
0 0.6669445602334306 0.8040989945862336 0.012505210504376824 0.012529002320185615
0 0.6502709462275948 0.799922660479505 0.008336807002917883 0.01005413766434648
0 0.614353202723357 0.7859242072699149 0.021258857857440604 0.020417633410672854
0 0.5992080033347229 0.7784222737819025 0.019869390023620957 0.0205723124516628
0 0.5794080867027929 0.7699149265274555 0.02890093094344866 0.026450116009280742
0 0.5525218841183827 0.7605568445475638 0.023482006391552037 0.021036349574632636
0 0.3044324023898847 0.5954369682907966 0.021119911074058636 0.0205723124516628
0 0.2925524524107267 0.5069605568445475 0.01570098652216201 0.014385150812064965
