0 0.6228128645225797 0.5092476880779806 0.02049658390268289 0.022744313921519623
0 0.5732377937010499 0.5159960009997501 0.035327445425762376 0.022744313921519623
0 0.6656390601566406 0.5136215946013497 0.028495250791534747 0.020494876280929768
0 0.7040493251124813 0.5352411897025744 0.0226628895184136 0.027243189202699327
0 0.5859023496083986 0.47975506123469136 0.0113314447592068 0.009747563109222696
0 0.5670721546408932 0.48000499875031244 0.014330944842526247 0.020244938765308675
0 0.5184135977337111 0.49812546863284185 0.025329111814697554 0.022494376405898527
0 0.4970004999166806 0.5309922519370158 0.03282786202299617 0.032741814546363414
0 0.4673387768705216 0.561859535116221 0.014164305949008499 0.012496875781054738
0 0.48833527745375777 0.5053736565858535 0.014164305949008499 0.014496375906023495
2 0.47083819363439433 0.5003749062734317 0.025162472921179804 0.016495876030992253
2 0.4415097483752708 0.5301174706323419 0.032494584235960675 0.03849037740564859
0 0.44209298450258294 0.5306173456635841 0.03566072321279787 0.04348912771807049
0 0.4298450258290285 0.5909772556860785 0.024829195134144312 0.030742314421394655
0 0.4258456923846026 0.5522369407648089 0.023496083986002336 0.012746813296675832
0 0.39235127478753545 0.5602349412646839 0.01583069488418597 0.010247438140464884
0 0.41751374770871524 0.5247438140464884 0.017497083819363442 0.013246688327918022
0 0.39518413597733715 0.5312421894526369 0.035494084319280125 0.043239190202449394
0 0.3540243292784536 0.575106223444139 0.052491251458090325 0.03199200199950013
0 0.3581903016163973 0.5462384403899025 0.0311614730878187 0.019745063734066485
0 0.32836193967672056 0.555486128467883 0.015164139310114982 0.010747313171707074
0 0.30361606398933516 0.5721069732566859 0.04299283452757874 0.04848787803049238
0 0.2778703549408432 0.5708572856785804 0.012497917013831029 0.017995501124718823
0 0.2889518413597734 0.6429642589352662 0.015997333777703716 0.022744313921519623
0 0.3203632727878687 0.6134716320919771 0.008831861356440594 0.009247688077980506
0 0.2883686052324613 0.6210947263184204 0.006165639060156641 0.008997750562359411
3 0.27545409098483586 0.14733816545863535 0.02999500083319447 0.1092226943264184
3 0.28103649391768043 0.05998500374906274 0.028495250791534747 0.05648587853036741
3 0.25454090984835864 0.06185953511622095 0.03349441759706716 0.06823294176455887
3 0.5445759040159974 0.0836040989752562 0.03732711214797534 0.05123719070232442
3 0.4946675554074321 0.09235191202199451 0.05649058490251625 0.01474631342164459
3 0.42117980336610567 0.08035491127218196 0.08948508581903017 0.04373906523369158
2 0.9329278453591069 0.08710322419395151 0.01016497250458257 0.019245188702824295
0 0.9125979003499417 0.7520619845038741 0.0198300283286119 0.017495626093476633
0 0.8989335110814864 0.7565608597850538 0.005832361273121147 0.013496625843539117
0 0.8714380936510582 0.6849537615596102 0.01583069488418597 0.016245938515371157
0 0.8371938010331612 0.7753061734566359 0.012664555907348777 0.012496875781054738
0 0.8176970504915848 0.7845538615346164 0.006665555740709882 0.012996750812296927
0 0.772787868688552 0.7971757060734816 0.022162972837860357 0.019245188702824295
0 0.753041159806699 0.8002999250187454 0.01933011164805866 0.021994501374656337
0 0.7278786868855192 0.8061734566358411 0.03166138976837194 0.022244438890277433
0 0.6949675054157641 0.8171707073231693 0.026162306282286288 0.016745813546613347
0 0.34835860689885023 0.8091727068232942 0.021829695050824865 0.019745063734066485
0 0.2883686052324613 0.6962009497625594 0.017163806032327946 0.012246938265433643
