0 0.5913575100736419 0.4479505027068832 0.021119911074058636 0.02165506573859242
0 0.5573850215367515 0.4745552977571539 0.03181881339446992 0.028460943542150036
0 0.6233847436431847 0.43039443155452434 0.02626094205919133 0.0242846094354215
0 0.6571488120050022 0.42412993039443153 0.023759899958315966 0.02505800464037123
0 0.5564818674447687 0.44926527455529774 0.010837849103793248 0.010363495746326373
0 0.5428650826733361 0.45808197989172467 0.01583993330554398 0.01747873163186388
0 0.5128525774628317 0.49040989945862334 0.02445463387522579 0.023665893271461715
0 0.5064610254272615 0.5179427687548337 0.032791440878143674 0.032637277648878575
0 0.49367792135612065 0.5482598607888631 0.013616784771432543 0.013147718484145398
0 0.49312213422259277 0.5082753286929621 0.014172571904960402 0.014230471771075018
2 0.47901903570932336 0.5137664346481051 0.02264832569126025 0.0205723124516628
2 0.4661664582464916 0.5432327919566898 0.03418090871196332 0.035576179427687545
0 0.4667222453800195 0.5433101314771848 0.037793525079894405 0.039752513534416084
0 0.47471168542448244 0.5813611755607115 0.02653883562595526 0.0279969064191802
0 0.4610254272613589 0.5624129930394431 0.02056412394053078 0.017633410672853827
0 0.4390718354870085 0.5821345707656612 0.014172571904960402 0.012838360402165506
0 0.4474086424899264 0.5515081206496519 0.016117826872307908 0.015003866976024748
0 0.43302765040989305 0.5653518948182521 0.03765457829651244 0.03959783449342614
0 0.4155203557037655 0.6079659706109822 0.04682506599972211 0.041608662026295436
0 0.4104487981103238 0.5905645784996133 0.028067250243156875 0.02505800464037123
0 0.3914825621786856 0.6093580819798917 0.014033625121578438 0.012838360402165506
0 0.37828261775739896 0.6297757153905645 0.04460191746561067 0.04593967517401392
0 0.35938585521745176 0.6409899458623356 0.014033625121578438 0.015467904098994586
0 0.3873836320689176 0.6745552977571538 0.017785188272891484 0.01948955916473318
0 0.401834097540642 0.6440835266821345 0.008892594136445742 0.008971384377416859
0 0.3808531332499653 0.6630317092034029 0.006947339169098236 0.007579273008507347
3 0.2398221481172711 0.4151585460170147 0.051966096984854805 0.07238979118329467
3 0.21953591774350426 0.365738592420727 0.036126163679310826 0.04346481051817479
3 0.20105599555370296 0.37911832946635726 0.043073502848409065 0.051972157772621805
3 0.41649298318743927 0.25614849187935035 0.04126719466444352 0.044856921887084296
3 0.38286786160900377 0.2839907192575406 0.0448798110323746 0.03402938901778809
3 0.3265249409476171 0.31160092807424594 0.07669862442684452 0.06481051817478731
2 0.6979296929276088 0.07772621809744779 0.012783104071140755 0.015003866976024748
0 0.8680005557871336 0.44354215003866976 0.01917465610671113 0.018406805877803557
0 0.8594553286091428 0.4523588553750966 0.00791996665277199 0.01005413766434648
0 0.8196470751702098 0.42668213457076565 0.01583993330554398 0.015931941221964424
0 0.8200639155203557 0.49095127610208816 0.012505210504376824 0.012374323279195668
0 0.8085313324996527 0.5049497293116783 0.008336807002917883 0.01005413766434648
0 0.7795609281645131 0.5326372776488786 0.021258857857440604 0.0205723124516628
0 0.7662220369598445 0.5434648105181747 0.019869390023620957 0.0205723124516628
0 0.7497568431290816 0.5583139984532096 0.02890093094344866 0.026450116009280742
0 0.7289842990134779 0.5795823665893272 0.023482006391552037 0.021036349574632636
0 0.47644852021675704 0.7360402165506573 0.021119911074058636 0.0205723124516628
0 0.401764624148951 0.7033255993812838 0.01570098652216201 0.01453982985305491
