0 0.5092476880779806 0.3770204965839027 0.022744313921519623 0.02049658390268289
0 0.5159960009997501 0.4265955674054325 0.022744313921519623 0.035327445425762376
0 0.5136215946013497 0.3341943009498417 0.020494876280929768 0.028495250791534747
0 0.5352411897025744 0.29578403599400105 0.027243189202699327 0.0226628895184136
0 0.47975506123469136 0.4139310114980837 0.009747563109222696 0.0113314447592068
0 0.48000499875031244 0.4327612064655891 0.020244938765308675 0.014330944842526247
0 0.49812546863284185 0.48141976337277126 0.022494376405898527 0.025329111814697554
0 0.5309922519370158 0.5028328611898017 0.032741814546363414 0.03282786202299617
0 0.561859535116221 0.5324945842359607 0.012496875781054738 0.014164305949008499
0 0.5053736565858535 0.5114980836527245 0.014496375906023495 0.014164305949008499
2 0.5003749062734317 0.5291618063656057 0.016495876030992253 0.025162472921179804
2 0.5301174706323419 0.5583236127312116 0.03849037740564859 0.032494584235960675
0 0.5306173456635841 0.5577403766038994 0.04348912771807049 0.03566072321279787
0 0.5909772556860785 0.5699883352774539 0.030742314421394655 0.024829195134144312
0 0.5522369407648089 0.5739876687218798 0.012746813296675832 0.023496083986002336
0 0.5602349412646839 0.6074820863189468 0.010247438140464884 0.01583069488418597
0 0.5247438140464884 0.582319613397767 0.013246688327918022 0.017497083819363442
0 0.5312421894526369 0.6046492251291452 0.043239190202449394 0.035494084319280125
0 0.575106223444139 0.6458090318280287 0.03199200199950013 0.052491251458090325
0 0.5462384403899025 0.641643059490085 0.019745063734066485 0.0311614730878187
0 0.555486128467883 0.6715547408765207 0.010747313171707074 0.015330778203632729
0 0.5721069732566859 0.6962172971171472 0.04848787803049238 0.04299283452757874
0 0.5708572856785804 0.7219630061656391 0.017995501124718823 0.012497917013831029
0 0.6429642589352662 0.710881519746709 0.022744313921519623 0.015997333777703716
0 0.6134716320919771 0.6794700883186137 0.009247688077980506 0.008831861356440594
0 0.6210947263184204 0.711464755874021 0.008997750562359411 0.006165639060156641
3 0.14733816545863535 0.7243792701216465 0.1092226943264184 0.02999500083319447
3 0.05998500374906274 0.7187968671888019 0.05648587853036741 0.028495250791534747
3 0.06185953511622095 0.7452924512581237 0.06823294176455887 0.03349441759706716
3 0.0836040989752562 0.45525745709048493 0.05123719070232442 0.03732711214797534
3 0.09235191202199451 0.5051658056990502 0.01474631342164459 0.05649058490251625
3 0.08035491127218196 0.5786535577403766 0.04373906523369158 0.08948508581903017
2 0.08710322419395151 0.06690551574737544 0.019245188702824295 0.01016497250458257
0 0.7520619845038741 0.08723546075654058 0.017495626093476633 0.0198300283286119
0 0.7565608597850538 0.10089985002499584 0.013496625843539117 0.005832361273121147
0 0.6849537615596102 0.1283952674554241 0.016245938515371157 0.01583069488418597
0 0.7753061734566359 0.16263956007332112 0.012496875781054738 0.012664555907348777
0 0.7845538615346164 0.18213631061489752 0.012996750812296927 0.006665555740709882
0 0.7971757060734816 0.22704549241793037 0.019245188702824295 0.022162972837860357
0 0.8002999250187454 0.24679220129978338 0.021994501374656337 0.01933011164805866
0 0.8061734566358411 0.2719546742209632 0.022244438890277433 0.03166138976837194
0 0.8171707073231693 0.3048658556907182 0.016745813546613347 0.026162306282286288
0 0.8091727068232942 0.6514747542076321 0.019745063734066485 0.021829695050824865
0 0.6962009497625594 0.711464755874021 0.012246938265433643 0.017163806032327946
