0 0.40864248992635827 0.5518948182521268 0.021119911074058636 0.02165506573859242
0 0.44254550507155765 0.5252900232018561 0.03167986661108796 0.028460943542150036
0 0.3764763095734334 0.5694508894044856 0.02626094205919133 0.0242846094354215
0 0.342781714603307 0.5757153905645784 0.02389884674169793 0.02505800464037123
0 0.4434486591635404 0.5505800464037123 0.010698902320411284 0.010363495746326373
0 0.45699597054328195 0.5417633410672854 0.01583993330554398 0.01747873163186388
0 0.48700847575378636 0.5094354215003867 0.02445463387522579 0.023665893271461715
0 0.4934695011810477 0.4819025522041763 0.03265249409476171 0.032637277648878575
0 0.5062526052521884 0.45158546017014695 0.013755731554814507 0.013147718484145398
0 0.5068083923857163 0.4915699922660479 0.014311518688342366 0.014230471771075018
2 0.5208420175072948 0.48615622583139984 0.02264832569126025 0.020417633410672854
2 0.5336945949701265 0.4566125290023202 0.03418090871196332 0.035576179427687545
0 0.5331388078365986 0.4565351894818252 0.037793525079894405 0.039752513534416084
0 0.5251493677921356 0.41856148491879347 0.02653883562595526 0.027842227378190254
0 0.5389050993469502 0.4374323279195669 0.020425177157148814 0.017633410672853827
0 0.5607892177296097 0.4177107501933488 0.014172571904960402 0.012838360402165506
0 0.5525218841183827 0.44833720030935803 0.016256773655689873 0.015003866976024748
0 0.5668334028067251 0.4344934261407579 0.03765457829651244 0.03959783449342614
0 0.5843406975128527 0.39187935034802784 0.04682506599972211 0.041608662026295436
0 0.5894122551062944 0.4092807424593967 0.028067250243156875 0.02505800464037123
0 0.6083784910379325 0.3904872389791183 0.014033625121578438 0.012838360402165506
0 0.6216479088509101 0.3701469450889404 0.04446297068222871 0.046094354215003866
0 0.6405446713908574 0.35885537509667437 0.013894678338196471 0.015467904098994586
0 0.6125468945393915 0.3253673627223511 0.01792413505627345 0.019644238205723124
0 0.5980269556759762 0.3557617942768755 0.008892594136445742 0.008971384377416859
0 0.6190079199666528 0.3368136117556071 0.006947339169098236 0.007579273008507347
3 0.760038905099347 0.5847641144624903 0.051966096984854805 0.0725444702242846
3 0.7803251354731139 0.634106728538283 0.036126163679310826 0.04346481051817479
3 0.7989440044462971 0.6207269914926528 0.043073502848409065 0.051972157772621805
3 0.5833680700291789 0.7436968290796596 0.04126719466444352 0.044856921887084296
3 0.6169931916076143 0.7158546017014694 0.0448798110323746 0.03402938901778809
3 0.673336112269001 0.688244392884764 0.07669862442684452 0.06481051817478731
2 0.3020008336807003 0.9221191028615622 0.012644157287758789 0.015003866976024748
0 0.13186049742948452 0.5563805104408353 0.01917465610671113 0.018561484918793503
0 0.14047519799916633 0.5474864655839133 0.008058913436153954 0.01005413766434648
0 0.18021397804640824 0.5731631863882444 0.01583993330554398 0.015931941221964424
0 0.17979713769626235 0.5088940448569219 0.012505210504376824 0.012374323279195668
0 0.1913297207169654 0.49489559164733177 0.008336807002917883 0.01005413766434648
0 0.22030012505210506 0.46720804331013144 0.021258857857440604 0.0205723124516628
0 0.23363901625677366 0.4563805104408352 0.019869390023620957 0.0205723124516628
0 0.25010421008753647 0.44153132250580046 0.02890093094344866 0.026450116009280742
0 0.2708767542031402 0.42026295436968286 0.023482006391552037 0.021036349574632636
0 0.5234125329998611 0.26380510440835264 0.021119911074058636 0.0205723124516628
0 0.5980964290676671 0.2965197215777262 0.01570098652216201 0.01453982985305491
