0 0.41378352091149095 0.4378963650425367 0.021119911074058636 0.02165506573859242
0 0.4515075725996944 0.45723124516627994 0.03181881339446992 0.028460943542150036
0 0.3841183826594415 0.4156225831399845 0.02626094205919133 0.024129930394431554
0 0.362373211060164 0.3862335653518948 0.02389884674169793 0.02505800464037123
0 0.4322634431012922 0.4707656612529002 0.010837849103793248 0.010363495746326373
0 0.44594970126441574 0.4794276875483372 0.015978880088925944 0.01747873163186388
0 0.4860358482701126 0.49226604795050266 0.02445463387522579 0.023665893271461715
0 0.5106989023204114 0.48468677494199536 0.03265249409476171 0.032637277648878575
0 0.5407114075309157 0.48182521268368134 0.013755731554814507 0.013302397525135344
0 0.5098652216201195 0.5023975251353441 0.014311518688342366 0.014230471771075018
2 0.5211199110740586 0.5132250580046404 0.02264832569126025 0.020417633410672854
2 0.5505071557593442 0.5109048723897912 0.03418090871196332 0.035576179427687545
0 0.5502987355842712 0.5102861562258314 0.03793247186327637 0.03990719257540603
0 0.5758649437265527 0.4836040216550657 0.02653883562595526 0.0279969064191802
0 0.5680144504654717 0.5062645011600928 0.02056412394053078 0.017633410672853827
0 0.594344865916354 0.5174787316318639 0.014311518688342366 0.012838360402165506
0 0.5663470890648882 0.5248259860788863 0.016117826872307908 0.015158546017014694
0 0.5843406975128527 0.5317092034029389 0.03765457829651244 0.039752513534416084
0 0.626233152702515 0.5273008507347254 0.046964012783104074 0.04145398298530549
0 0.6151868834236488 0.5409126063418407 0.027928303459774907 0.02505800464037123
0 0.6392941503404197 0.5498066511987625 0.013894678338196471 0.012838360402165506
0 0.6617340558566069 0.5523588553750967 0.04460191746561067 0.046094354215003866
0 0.6800055578713353 0.5648878576952823 0.013894678338196471 0.015467904098994586
0 0.6920939280255662 0.5211910286156226 0.017785188272891484 0.019644238205723124
0 0.6612477421147701 0.522505800464037 0.008892594136445742 0.008971384377416859
0 0.6863971099069057 0.5331013147718484 0.006947339169098236 0.007579273008507347
3 0.5640544671390858 0.7931167826759473 0.05210504376823677 0.0725444702242846
3 0.5357787967208559 0.8373549883990719 0.036126163679310826 0.04346481051817479
3 0.555370293177713 0.8485692188708429 0.043073502848409065 0.051972157772621805
3 0.35202167569820764 0.7022428460943542 0.04126719466444352 0.044856921887084296
3 0.39050993469501183 0.7207269914926527 0.0448798110323746 0.034184068058778036
3 0.4401834097540642 0.7613302397525135 0.07669862442684452 0.06496519721577726
2 0.07253022092538558 0.5202629543696828 0.012783104071140755 0.015003866976024748
0 0.27205780186188694 0.17324052590873937 0.01917465610671113 0.018561484918793503
0 0.2831735445324441 0.177107501933488 0.008058913436153954 0.009899458623356535
0 0.2831735445324441 0.22838360402165506 0.01583993330554398 0.015931941221964424
0 0.3329164929831875 0.19574632637277647 0.012505210504376824 0.012529002320185615
0 0.3495901069890232 0.19992266047950502 0.008336807002917883 0.01005413766434648
0 0.38550785049326114 0.2139211136890951 0.021258857857440604 0.020417633410672854
0 0.40065304988189526 0.22142304717710748 0.019869390023620957 0.0205723124516628
0 0.42045296651382524 0.22993039443155452 0.02890093094344866 0.026450116009280742
0 0.4473391690982354 0.23928847641144624 0.023482006391552037 0.021036349574632636
0 0.6954286508267334 0.4044856921887084 0.021119911074058636 0.020726991492652745
0 0.7073086008058914 0.49288476411446247 0.01570098652216201 0.014385150812064965
