0 0.49050237440639843 0.6229166666666667 0.022744313921519623 0.0205
0 0.4837540614846289 0.5733333333333334 0.022744313921519623 0.035333333333333335
0 0.48612846788302927 0.66575 0.020494876280929768 0.028499999999999998
0 0.4645088727818046 0.7041666666666666 0.027243189202699327 0.022666666666666665
0 0.5199950012496877 0.586 0.009747563109222696 0.011333333333333332
0 0.5197450637340665 0.5671666666666666 0.020244938765308675 0.014333333333333333
0 0.5016245938515371 0.5185 0.022494376405898527 0.025333333333333333
0 0.4687578105473632 0.4970833333333333 0.032741814546363414 0.03283333333333333
0 0.437890527368158 0.46741666666666665 0.012496875781054738 0.014166666666666666
0 0.494501374656336 0.48841666666666667 0.0142464383904024 0.014166666666666666
2 0.4993751562109473 0.47091666666666665 0.016495876030992253 0.025166666666666667
2 0.46963259185203704 0.4415833333333333 0.03849037740564859 0.0325
0 0.4691327168207948 0.44216666666666665 0.04348912771807049 0.035666666666666666
0 0.40877280679830047 0.42991666666666667 0.030742314421394655 0.024833333333333332
0 0.44751312171957014 0.42591666666666667 0.012746813296675832 0.0235
0 0.4395151212196951 0.39241666666666664 0.010247438140464884 0.01583333333333333
0 0.4750062484378906 0.4175833333333333 0.013246688327918022 0.017499999999999998
0 0.46850787303174213 0.39525 0.043239190202449394 0.0355
0 0.42464383904024 0.3540833333333333 0.03199200199950013 0.0525
0 0.45351162209447643 0.35825 0.019745063734066485 0.031166666666666665
0 0.4442639340164959 0.32841666666666663 0.010747313171707074 0.015166666666666667
0 0.4276430892276931 0.30366666666666664 0.04848787803049238 0.043
0 0.42889277680579857 0.27791666666666665 0.017995501124718823 0.012499999999999999
0 0.35678580354911277 0.289 0.022744313921519623 0.016
0 0.38627843039240195 0.3204166666666667 0.009247688077980506 0.008833333333333334
0 0.37865533616595853 0.28841666666666665 0.008997750562359411 0.006166666666666667
3 0.8524118970257436 0.27549999999999997 0.1092226943264184 0.03
3 0.9397650587353162 0.28108333333333335 0.05648587853036741 0.028499999999999998
3 0.937890527368158 0.25458333333333333 0.06823294176455887 0.0335
3 0.9161459635091228 0.5446666666666666 0.05123719070232442 0.03733333333333333
3 0.9073981504623845 0.49474999999999997 0.01474631342164459 0.056499999999999995
3 0.9193951512121971 0.42125 0.04373906523369158 0.0895
2 0.9126468382904275 0.9330833333333333 0.019245188702824295 0.010166666666666666
0 0.2476880779805049 0.91275 0.017495626093476633 0.01983333333333333
0 0.2431892026993252 0.8990833333333333 0.013496625843539117 0.005833333333333333
0 0.31479630092476885 0.8715833333333333 0.016245938515371157 0.01583333333333333
0 0.2244438890277431 0.8373333333333333 0.012496875781054738 0.012666666666666666
0 0.21519620094976258 0.8178333333333333 0.012996750812296927 0.006666666666666666
0 0.2025743564108973 0.7729166666666667 0.019245188702824295 0.022166666666666664
0 0.19945013746563361 0.7531666666666667 0.021994501374656337 0.019333333333333334
0 0.1935766058485379 0.728 0.022244438890277433 0.03166666666666666
0 0.1825793551612097 0.6950833333333333 0.016745813546613347 0.026166666666666664
0 0.19057735566108475 0.34841666666666665 0.019745063734066485 0.021833333333333333
0 0.30354911272181956 0.28841666666666665 0.012246938265433643 0.017166666666666667
